birth,death
0.0,2.255960939424999
0.0,1.894205220499979
0.0,1.3143823535352568
0.0,1.2522362336999977
0.0,1.1914017763985005
0.0,1.1519222360740033
0.0,1.1227163511702454
0.0,0.8314315009885005
0.0,0.7671972170992554
0.0,0.7262606751422472
0.0,0.6921873216132498
0.0,0.6283091691444906
0.0,0.6232698302884934
0.0,0.5647273063892524
0.0,0.56337127085
0.0,0.5127636847249977
0.0,0.4691115401372495
0.0,0.4468089646250006
0.0,0.4408199373250027
0.0,0.42864868375249826
0.0,0.42476333908000646
0.0,0.4236918254605035
0.0,0.4169779954082443
0.0,0.4168674312499985
0.0,0.38396208202849924
0.0,0.38052289170624426
0.0,0.379338396627254
0.0,0.368000159588998
0.0,0.35573345924449973
0.0,0.3547039094649962
0.0,0.33136053641650315
0.0,0.322676086250005
0.0,0.3211262604730021
0.0,0.30151488574924934
0.0,0.2994433170499996
0.0,0.2840694064249959
0.0,0.27663777174099397
0.0,0.2667072279582495
0.0,0.26227421158499953
0.0,0.25831150312500084
0.0,0.2566333150420054
0.0,0.2521294929250024
0.0,0.2382488114312479
0.0,0.23438663568124998
0.0,0.23015792103125476
0.0,0.2262124061842519
0.0,0.21851347901825188
0.0,0.21734587024224916
0.0,0.2127954384224885
0.0,0.21181399223450162
0.0,0.21180908804900114
0.0,0.21006670924999976
0.0,0.21003657953800142
0.0,0.20859336819624924
0.0,0.1990176989264975
0.0,0.19584657371725042
0.0,0.19527026166425443
0.0,0.19399764657649798
0.0,0.19142830806125039
0.0,0.1891180663152462
0.0,0.18904580789724568
0.0,0.1876458431249982
0.0,0.18402248089250012
0.0,0.18309892250000118
0.0,0.18184814316249745
0.0,0.18183295894249937
0.0,0.18119283400000175
0.0,0.17781396125000215
0.0,0.1683699152612476
0.0,0.1666207206249952
0.0,0.16363905769999543
0.0,0.16268276831624426
0.0,0.15999151902500003
0.0,0.15932414672500236
0.0,0.15752554727649995
0.0,0.15608227270099645
0.0,0.15116327022499854
0.0,0.15109986304024925
0.0,0.15048963014625638
0.0,0.1503901541000014
0.0,0.14747453124999915
0.0,0.1454894122645047
0.0,0.14528195224999885
0.0,0.144380838017008
0.0,0.14276740140124994
0.0,0.14243267164999998
0.0,0.14068972192499968
0.0,0.13955959002624996
0.0,0.1393733666412551
0.0,0.13818147602500208
0.0,0.13817646582124954
0.0,0.1371365884250007
0.0,0.13475714151124799
0.0,0.13445960739999985
0.0,0.13083006982499024
0.0,0.1308052514499977
0.0,0.1302781234049913
0.0,0.12974507803825086
0.0,0.12916879276899979
0.0,0.12619174983999587
0.0,0.12549785635924898
0.0,0.12299452448400035
0.0,0.12232925046249651
0.0,0.12161184677000378
0.0,0.12009486922850389
0.0,0.11959148044999846
0.0,0.11923661063450304
0.0,0.1190347918424989
0.0,0.11668753021225098
0.0,0.1163838011624941
0.0,0.11420161331124824
0.0,0.11379378027249457
0.0,0.11358958983050192
0.0,0.11144528998250022
0.0,0.110935553825
0.0,0.11011144592499864
0.0,0.10985397423649992
0.0,0.10966145569425428
0.0,0.10923246603250222
0.0,0.10859290241650202
0.0,0.10731322063250119
0.0,0.10685457382499847
0.0,0.10640994496250175
0.0,0.10591475533249858
0.0,0.10411997465000247
0.0,0.10287957499299907
0.0,0.10171405801124835
0.0,0.1016676794250001
0.0,0.10118616242499953
0.0,0.10069143203649433
0.0,0.10017625418125121
0.0,0.09981036655324926
0.0,0.09933121801524872
0.0,0.0988793661062501
0.0,0.09860915537050105
0.0,0.09860766529999955
0.0,0.09816492263224981
0.0,0.09730225087250305
0.0,0.09629498098525066
0.0,0.09626063606449321
0.0,0.09613606831625074
0.0,0.09541981563300367
0.0,0.09427062016450213
0.0,0.09425811352500289
0.0,0.09409600079125269
0.0,0.09244204942324781
0.0,0.09236850160624988
0.0,0.09199858095249958
0.0,0.09195830317324993
0.0,0.09191549702599891
0.0,0.09169753611650547
0.0,0.09115236849999622
0.0,0.08724168587425062
0.0,0.08686241546900622
0.0,0.08592512479449851
0.0,0.08579827892500091
0.0,0.08520317624824862
0.0,0.08494538938825104
0.0,0.08445059379999917
0.0,0.08434607687525189
0.0,0.08420007211450065
0.0,0.08156242837625208
0.0,0.08114242203699898
0.0,0.08079094979525017
0.0,0.08059625137624432
0.0,0.08034116853249984
0.0,0.07836574584200028
0.0,0.07835510651299848
0.0,0.0781833657250035
0.0,0.07673274562500113
0.0,0.07519772682500114
0.0,0.0746584966250074
0.0,0.07460688344199856
0.0,0.07322672439650316
0.0,0.07265410127124985
0.0,0.07249974952500016
0.0,0.07245246155624871
0.0,0.0721636738249993
0.0,0.07168045427825254
0.0,0.0711770876499953
0.0,0.07064134754624954
0.0,0.06859500657850082
0.0,0.06844504473850122
0.0,0.06799784147600085
0.0,0.0679261727822493
0.0,0.06733467185050597
0.0,0.06727169245600033
0.0,0.06690707220625014
0.0,0.06669957720849996
0.0,0.06577258476124315
0.0,0.06515351409125071
0.0,0.06373547750125035
0.0,0.06365224632500055
0.0,0.06317469718624652
0.0,0.06314294260124996
0.0,0.06266408888125016
0.0,0.06257781602500212
0.0,0.06238692665124785
0.0,0.06234113802499812
0.0,0.06228671329249627
0.0,0.06190144336999899
0.0,0.061358854449999625
0.0,0.06059777327125082
0.0,0.06029471246900094
0.0,0.060248719370499325
0.0,0.05969071932649989
0.0,0.05942750376624906
0.0,0.05921253722499861
0.0,0.058986447525000894
0.0,0.058965666770247976
0.0,0.05872697522499705
0.0,0.0582830916624999
0.0,0.05809198930249905
0.0,0.057150918084250046
0.0,0.05711469225999749
0.0,0.056330361970000714
0.0,0.05598829622500101
0.0,0.0543796914672494
0.0,0.0541055782962519
0.0,0.054076275424997995
0.0,0.053799643041999586
0.0,0.05310767780524989
0.0,0.052946496272493766
0.0,0.05289635042499963
0.0,0.05287250026900013
0.0,0.052698482701248606
0.0,0.052637351127249564
0.0,0.052592691977995265
0.0,0.05251597730424876
0.0,0.05242044127825288
0.0,0.052340722249997876
0.0,0.051690188005249785
0.0,0.0516064756545006
0.0,0.05146943515625234
0.0,0.05145321781699888
0.0,0.051161824735247954
0.0,0.051072500249998085
0.0,0.05105910230799888
0.0,0.05093966679249954
0.0,0.05087001759049926
0.0,0.0507721633250013
0.0,0.05061550813450007
0.0,0.050401074550249336
0.0,0.05017603532499361
0.0,0.04986978512500123
0.0,0.049615723508001454
0.0,0.049242678664246586
0.0,0.04894063722499811
0.0,0.048637981994499174
0.0,0.048201707599999206
0.0,0.04816837498599935
0.0,0.046998281229248984
0.0,0.04699721102499912
0.0,0.046707488260250646
0.0,0.046665226496249004
0.0,0.046566457812500475
0.0,0.04614833792125006
0.0,0.045979607584002234
0.0,0.04562028765624977
0.0,0.04548838624999937
0.0,0.045439785850004036
0.0,0.04541300012500078
0.0,0.04508903876450868
0.0,0.04484796199249565
0.0,0.04463588701125667
0.0,0.044340106599999804
0.0,0.04424563971250005
0.0,0.044208025338249565
0.0,0.04412374333250162
0.0,0.04409246641849927
0.0,0.043827232999998536
0.0,0.04380226836250041
0.0,0.04374746755599903
0.0,0.0435793657252495
0.0,0.04346919132724546
0.0,0.04333995074924915
0.0,0.043301112624999534
0.0,0.04324088591224941
0.0,0.04319565981125053
0.0,0.043134372929000075
0.0,0.04310926686924863
0.0,0.04305604900000054
0.0,0.04285583419224899
0.0,0.04280037723125442
0.0,0.04248242870624822
0.0,0.0423476986862504
0.0,0.04227796566500093
0.0,0.042253027422500374
0.0,0.0421597522000009
0.0,0.04209765624999945
0.0,0.04195367814249441
0.0,0.04188649882500166
0.0,0.04177161215725077
0.0,0.04147917038124904
0.0,0.04139032614525038
0.0,0.041142906105250454
0.0,0.04109340199324932
0.0,0.04107898164250021
0.0,0.041044020904998105
0.0,0.04077420656850068
0.0,0.04067031664999974
0.0,0.04059341726800033
0.0,0.04049489956000078
0.0,0.040338298873998736
0.0,0.04020535669724906
0.0,0.04008012173425938
0.0,0.039968108049999965
0.0,0.03969730081625045
0.0,0.0396471183524999
0.0,0.03916420855400239
0.0,0.03896480012500058
0.0,0.038894148574250144
0.0,0.0388821379249996
0.0,0.0388379010712469
0.0,0.038692149390500044
0.0,0.03864203252500001
0.0,0.038585772100000436
0.0,0.03853994231299944
0.0,0.03806889240249889
0.0,0.038014015691250014
0.0,0.03785043842499742
0.0,0.03784241456649961
0.0,0.03782946674225021
0.0,0.03776632812499859
0.0,0.037640428688001576
0.0,0.03740179945000084
0.0,0.03707010905000398
0.0,0.03690852565000002
0.0,0.03668918862600287
0.0,0.036590189948498525
0.0,0.03576023805925524
0.0,0.03573418331249954
0.0,0.03553237717824984
0.0,0.03540506632324893
0.0,0.03532326441125494
0.0,0.0345342817000002
0.0,0.03451394012499814
0.0,0.03449107388724941
0.0,0.03429140964100152
0.0,0.03428140257925021
0.0,0.033962078525000425
0.0,0.03366887612500162
0.0,0.03330155842225255
0.0,0.03312273650500348
0.0,0.03292642144249884
0.0,0.03267285712249994
0.0,0.03260539025724944
0.0,0.03253279105124898
0.0,0.03235779895824553
0.0,0.03221447225000118
0.0,0.03213950113624941
0.0,0.03158982810000147
0.0,0.0315710280500001
0.0,0.03147147140000045
0.0,0.031271146825000436
0.0,0.031195682824999415
0.0,0.03115957934824963
0.0,0.031010037248250653
0.0,0.030835627262502545
0.0,0.030670395299999487
0.0,0.030638551250000774
0.0,0.030565251870250602
0.0,0.030515046690248984
0.0,0.03039738904225196
0.0,0.030334904587250168
0.0,0.03028415724999626
0.0,0.030279943224999797
0.0,0.030223293120502065
0.0,0.029904514696248538
0.0,0.029875359057249484
0.0,0.029830614556250017
0.0,0.029710616580999286
0.0,0.029523787592001055
0.0,0.02941443661525061
0.0,0.029334057299999383
0.0,0.02927982730900012
0.0,0.02924376001624799
0.0,0.02923397767625051
0.0,0.029205864561249233
0.0,0.02906410112500106
0.0,0.028962386500000173
0.0,0.02868531130625008
0.0,0.028527061982500344
0.0,0.02829415443325096
0.0,0.028116020930499284
0.0,0.02808564720650146
0.0,0.027892831569248627
0.0,0.027876240504500705
0.0,0.02773436073850162
0.0,0.027730530453249136
0.0,0.027322697618000713
0.0,0.02727270018849771
0.0,0.02696555217850019
0.0,0.026954772713999844
0.0,0.02687896143399951
0.0,0.02684332790899967
0.0,0.026754779142500136
0.0,0.026501691564499663
0.0,0.02627745298925322
0.0,0.02622130444099941
0.0,0.026166093124250278
0.0,0.026135070822251808
0.0,0.02601758025324898
0.0,0.025630417530499945
0.0,0.025615373225001646
0.0,0.02525753238624863
0.0,0.025022724625000537
0.0,0.02490066014124924
0.0,0.02488049756525271
0.0,0.024808929860250295
0.0,0.024794486264249547
0.0,0.024677865828248293
0.0,0.02467179562449668
0.0,0.02433866685324946
0.0,0.024303126975249403
0.0,0.024246054924999996
0.0,0.024239936499993495
0.0,0.02397349881624916
0.0,0.02382804277199906
0.0,0.02379072494824923
0.0,0.02377311502499977
0.0,0.02376475611050036
0.0,0.023613333249993408
0.0,0.023428225524999846
0.0,0.02339116020625072
0.0,0.02330880142500215
0.0,0.023299229253252222
0.0,0.023294123390249406
0.0,0.023284989904999893
0.0,0.023274015124998527
0.0,0.02324931484725027
0.0,0.023226818652250385
0.0,0.023169113999998957
0.0,0.023152316624999465
0.0,0.023111405139998042
0.0,0.02301934077925121
0.0,0.022897208828250637
0.0,0.022848965619248353
0.0,0.022838226639998634
0.0,0.02266427546825045
0.0,0.02254982072499995
0.0,0.0225153412089997
0.0,0.022467755712999055
0.0,0.02245073896525001
0.0,0.02237595505925221
0.0,0.022338528247247927
0.0,0.022246113818000707
0.0,0.022219544560251613
0.0,0.022022315746250784
0.0,0.021905362993999936
0.0,0.02172936212525017
0.0,0.021676195524998495
0.0,0.021633603362500756
0.0,0.021601985806248895
0.0,0.021601708020500286
0.0,0.02155090387325312
0.0,0.0215194967724982
0.0,0.021445581373000525
0.0,0.021256951500247753
0.0,0.02120087472499984
0.0,0.02108180165000058
0.0,0.021060724009001393
0.0,0.020940101731251368
0.0,0.020933958753000186
0.0,0.02085882260500211
0.0,0.02082234786250004
0.0,0.020745319671249887
0.0,0.020693189586250237
0.0,0.020624566825000204
0.0,0.020618710633000054
0.0,0.02059328132500156
0.0,0.020586851641000437
0.0,0.020456092732500437
0.0,0.020407164268248977
0.0,0.020366725309251366
0.0,0.02034569692999894
0.0,0.020299790756250016
0.0,0.020289937781252418
0.0,0.020215000624999716
0.0,0.020210930181249906
0.0,0.02020723570000004
0.0,0.020167161025251144
0.0,0.02015496652099931
0.0,0.02012698705450005
0.0,0.0200876812249998
0.0,0.01991787727250076
0.0,0.019900798014500745
0.0,0.019833690316251276
0.0,0.01979364390725169
0.0,0.019731007299999395
0.0,0.019705286353998822
0.0,0.019609495424999835
0.0,0.019515565668998484
0.0,0.019513907036503006
0.0,0.019440127930247943
0.0,0.019152151326250262
0.0,0.019138541766246277
0.0,0.019005884959999768
0.0,0.019001068396249814
0.0,0.01897908486724993
0.0,0.018967637432498928
0.0,0.018800111424999384
0.0,0.01873804505000054
0.0,0.018604960924999733
0.0,0.01857288504999897
0.0,0.018549304049000848
0.0,0.018439979071250057
0.0,0.018349595464498256
0.0,0.018341731307250378
0.0,0.018265731199997255
0.0,0.01826480903125005
0.0,0.018152281325000727
0.0,0.018147992583999954
0.0,0.018087342499998986
0.0,0.01808489680000009
0.0,0.01805668969325063
0.0,0.01804642375224977
0.0,0.018017517625000007
0.0,0.01800439463924999
0.0,0.018002871406250974
0.0,0.01788704805624885
0.0,0.017876131135999535
0.0,0.017837006480001482
0.0,0.01782538593025084
0.0,0.0177328635432501
0.0,0.017718407337999828
0.0,0.01749731529999907
0.0,0.01744375512324976
0.0,0.01739720339999901
0.0,0.01739543705449967
0.0,0.017355757129000025
0.0,0.017298763034500113
0.0,0.017292267700003288
0.0,0.01726694370249983
0.0,0.017241251034249453
0.0,0.01722364392499849
0.0,0.017194745459249924
0.0,0.01714010605850167
0.0,0.017014368739247793
0.0,0.01700369730000021
0.0,0.016954617840503172
0.0,0.01695249996499984
0.0,0.016937353225000448
0.0,0.016919026585001006
0.0,0.01691226618250554
0.0,0.01690031193624817
0.0,0.016862992368500303
0.0,0.016852936621250682
0.0,0.016720756592496437
0.0,0.01671357356500109
0.0,0.016703925102500308
0.0,0.016703422339249614
0.0,0.016693404500000515
0.0,0.016665301441000938
0.0,0.016653211323249997
0.0,0.016647024424997124
0.0,0.016623208909247282
0.0,0.0165989940762491
0.0,0.016591979558252402
0.0,0.01652477455524922
0.0,0.016484639782500005
0.0,0.016457464325000185
0.0,0.016453650765253243
0.0,0.01643565341724995
0.0,0.016327513572500806
0.0,0.01631800380124985
0.0,0.016295364137001958
0.0,0.016244617524999685
0.0,0.016212977980999983
0.0,0.016199830589002977
0.0,0.01618091050725115
0.0,0.01611660796524992
0.0,0.016075528249999478
0.0,0.01601550196899964
0.0,0.015984782524999193
0.0,0.015962556724999678
0.0,0.01594886872024922
0.0,0.015946237897000247
0.0,0.015918598181250035
0.0,0.015909011299998804
0.0,0.01586988996524885
0.0,0.015843260691250395
0.0,0.015789412464503418
0.0,0.015753986826249754
0.0,0.015744931819249037
0.0,0.015736012142498694
0.0,0.01571537251450058
0.0,0.01567702216625015
0.0,0.01567061850624995
0.0,0.015648596239249406
0.0,0.015510861372249907
0.0,0.015502749573249711
0.0,0.015496077766250255
0.0,0.015489530206250445
0.0,0.015462127934500164
0.0,0.015435163326250277
0.0,0.015296888817250446
0.0,0.01529167517800017
0.0,0.015280725168249744
0.0,0.015271744118500873
0.0,0.015120397625000162
0.0,0.015105598849999569
0.0,0.015091149321999332
0.0,0.014947189699997082
0.0,0.014945958764499914
0.0,0.014921710234250585
0.0,0.01486809082225039
0.0,0.014854399795249716
0.0,0.014844600866500475
0.0,0.014841484804250698
0.0,0.01480090656400024
0.0,0.014785494124998973
0.0,0.014749871069250721
0.0,0.014683494500001488
0.0,0.014631171456499755
0.0,0.014605083016249612
0.0,0.014578718643249796
0.0,0.014568844436500271
0.0,0.014478263724996839
0.0,0.014433531422500593
0.0,0.01432271177725063
0.0,0.014322243697000636
0.0,0.014294802396249627
0.0,0.014068109972250744
0.0,0.013935194848251188
0.0,0.013888135536249114
0.0,0.013853365656499389
0.0,0.013775260324999941
0.0,0.013772441041002325
0.0,0.013756008876249238
0.0,0.013750327270250495
0.0,0.013697277332499706
0.0,0.013671635272997746
0.0,0.013662291009999002
0.0,0.013549676724999092
0.0,0.01348732841625044
0.0,0.013344593422499492
0.0,0.013282552642500188
0.0,0.013241905025000621
0.0,0.013206600024999467
0.0,0.013205065027999315
0.0,0.013181898522500492
0.0,0.01318099644999996
0.0,0.013148778241250398
0.0,0.013026499629248955
0.0,0.012903614450004354
0.0,0.01283258347300055
0.0,0.012817294164249749
0.0,0.012816702466250792
0.0,0.012775036250000253
0.0,0.012754043751248292
0.0,0.012710678724999909
0.0,0.01266989007925036
0.0,0.012643691124999286
0.0,0.012642462247999413
0.0,0.012638877572499829
0.0,0.012611946510499763
0.0,0.012535399872502085
0.0,0.012528625980249855
0.0,0.012514121104499582
0.0,0.012506124469249391
0.0,0.012493030432999836
0.0,0.012452107479247684
0.0,0.012448114728249741
0.0,0.012438402380999617
0.0,0.012432783249999323
0.0,0.012397893331249646
0.0,0.01232452637425129
0.0,0.012310149012499445
0.0,0.012308565727250465
0.0,0.012297716731250602
0.0,0.01229160888500073
0.0,0.012291222385249588
0.0,0.012281961385997953
0.0,0.012230907625000693
0.0,0.012168889056250153
0.0,0.012140390421000501
0.0,0.012127266413002283
0.0,0.012069608706000608
0.0,0.01205966913125014
0.0,0.012054324370501992
0.0,0.01204845370450023
0.0,0.012029559125001787
0.0,0.012015539706251806
0.0,0.01198597199825199
0.0,0.01197236050000005
0.0,0.011928878282500437
0.0,0.011912872499999382
0.0,0.01186492506625049
0.0,0.011854453412249893
0.0,0.011830674906250251
0.0,0.01181455817424829
0.0,0.011727854525000284
0.0,0.011691706964499449
0.0,0.011669254794249044
0.0,0.011664754497249836
0.0,0.011650376050000237
0.0,0.011608928577998404
0.0,0.01154298777724912
0.0,0.011542734643249411
0.0,0.011515180624999472
0.0,0.011483397976999921
0.0,0.01143440805700069
0.0,0.011398820625001329
0.0,0.011379854420999272
0.0,0.011367329450001087
0.0,0.011341241842250141
0.0,0.01126924414450017
0.0,0.011261495281249003
0.0,0.011248912249999733
0.0,0.011229511209999297
0.0,0.011210242099999847
0.0,0.011141607347999731
0.0,0.011090669084999828
0.0,0.011083775131249269
0.0,0.01105034282499999
0.0,0.011042108900000205
0.0,0.011006069050000762
0.0,0.011005999126249817
0.0,0.010960921924999513
0.0,0.010946532499999937
0.0,0.010924200843249238
0.0,0.010923809328252453
0.0,0.01091834244249772
0.0,0.010888208061250371
0.0,0.010850360665000445
0.0,0.010818851825001296
0.0,0.010816822454498935
0.0,0.010802154514000312
0.0,0.010784299249999713
0.0,0.010763221393002502
0.0,0.010730177860999354
0.0,0.010713664250499556
0.0,0.010680943725001609
0.0,0.01065664297025118
0.0,0.010634793030500252
0.0,0.010538564724999908
0.0,0.010529898498500853
0.0,0.010495076095249712
0.0,0.010494196044999677
0.0,0.010448075024999842
0.0,0.010442192800001217
0.0,0.010413525426250412
0.0,0.010370437192250507
0.0,0.01035153370925035
0.0,0.010334435176000228
0.0,0.010332953581250155
0.0,0.01029841670224951
0.0,0.01027664802250437
0.0,0.010244842689249033
0.0,0.010231802822499414
0.0,0.010210631616249442
0.0,0.010179611746249723
0.0,0.01015915584999972
0.0,0.010157258362500806
0.0,0.010148811521000122
0.0,0.010134293725000099
0.0,0.010105245541249742
0.0,0.010099549945250693
0.0,0.010075777025000267
0.0,0.010035230948997685
0.0,0.010016421900998896
0.0,0.01001598507324977
0.0,0.009990437824999261
0.0,0.009955368231248596
0.0,0.009951840924999657
0.0,0.009943096293249723
0.0,0.009885927710500314
0.0,0.009879830444250318
0.0,0.009875121433000088
0.0,0.009874607826249833
0.0,0.009867033506249744
0.0,0.009852668637250187
0.0,0.00985107302500081
0.0,0.009813266222499204
0.0,0.0097237900250001
0.0,0.009719076099999746
0.0,0.009663915268250462
0.0,0.009646506732997544
0.0,0.0096457820500001
0.0,0.009644691250000014
0.0,0.009605012500000051
0.0,0.009512021348000053
0.0,0.009510526125001598
0.0,0.009491618112249526
0.0,0.009482208199998884
0.0,0.00947091874899969
0.0,0.009461106054249489
0.0,0.009455560176500715
0.0,0.009418387525000384
0.0,0.009410300280250345
0.0,0.009407464650000131
0.0,0.009386882455248848
0.0,0.009345351204999134
0.0,0.009331915536499712
0.0,0.009313129600000037
0.0,0.00930043737799974
0.0,0.009292360828999086
0.0,0.009253525912250638
0.0,0.009239048036999691
0.0,0.00922916352499928
0.0,0.009227171924999666
0.0,0.009200960324999598
0.0,0.009193190134500706
0.0,0.009163629026500206
0.0,0.009136575793999806
0.0,0.009094102064500146
0.0,0.00908788472499974
0.0,0.009076011246250192
0.0,0.009029093682499476
0.0,0.009020444799999888
0.0,0.0089804592312502
0.0,0.008934103410500858
0.0,0.008926270023248948
0.0,0.008914757476249603
0.0,0.008896391125000574
0.0,0.008871497629250278
0.0,0.00886518789324982
0.0,0.008852589072000594
0.0,0.00884355466100007
0.0,0.008832264158250632
0.0,0.008809068529001042
0.0,0.008790941028501944
0.0,0.008760824211250063
0.0,0.008748815559999946
0.0,0.00874571992900015
0.0,0.008694156249998908
0.0,0.008670638326500543
0.0,0.008656870500000611
0.0,0.008637344500000891
0.0,0.008627876185999707
0.0,0.00862005290000023
0.0,0.008612042500000082
0.0,0.008582903538251058
0.0,0.008579129450000203
0.0,0.008551094768499627
0.0,0.0085494231249996
0.0,0.008538137000000334
0.0,0.008521547931249627
0.0,0.008518412360250645
0.0,0.00851363996500019
0.0,0.008478102221000549
0.0,0.008477634424999627
0.0,0.008473021790500433
0.0,0.008430775562498652
0.0,0.008430015262500489
0.0,0.008426134264499877
0.0,0.008392213436499311
0.0,0.00828989350624965
0.0,0.008251794777249976
0.0,0.008213916500000452
0.0,0.008209292233000043
0.0,0.008180578899999558
0.0,0.008172290784499738
0.0,0.008171668884999851
0.0,0.00815465924999997
0.0,0.008149497725000579
0.0,0.008105799999997885
0.0,0.008074586340251884
0.0,0.008072387263251669
0.0,0.008068299849998881
0.0,0.008033890803999966
0.0,0.00803386380425011
0.0,0.008021603558249484
0.0,0.008020237273001798
0.0,0.008012886118248443
0.0,0.008003605903250575
0.0,0.008000628682500214
0.0,0.007907297080249797
0.0,0.007896353371248896
0.0,0.007896265896999596
0.0,0.007886901624999188
0.0,0.007885022353000395
0.0,0.00788441268125022
0.0,0.007848338570000241
0.0,0.007837962973248458
0.0,0.007821879615999738
0.0,0.0077910966025006596
0.0,0.007769966886249053
0.0,0.007768108125000877
0.0,0.007763215874000363
0.0,0.007756093451250808
0.0,0.0077302769000002405
0.0,0.00772538081625015
0.0,0.007707899214249836
0.0,0.007695534660500845
0.0,0.007681501316000719
0.0,0.007666284296500065
0.0,0.0076641824045005314
0.0,0.007662822124999953
0.0,0.007659960133002235
0.0,0.00764194579999935
0.0,0.007599242924999846
0.0,0.007576514761249851
0.0,0.0075757140425002515
0.0,0.007570796540500046
0.0,0.007554817961000268
0.0,0.00752807288125016
0.0,0.007491605525000486
0.0,0.007485829699999473
0.0,0.007484103199999627
0.0,0.007482206569999952
0.0,0.007473918625000577
0.0,0.0074638382260004375
0.0,0.007463687642000262
0.0,0.0074635831832509355
0.0,0.007461429969999969
0.0,0.007443573626249301
0.0,0.007442205125000256
0.0,0.0074061202052502426
0.0,0.0073779010472497415
0.0,0.007327508988499924
0.0,0.007319760228999947
0.0,0.007313892610251609
0.0,0.007305600843249962
0.0,0.007304587814249539
0.0,0.007285161380500595
0.0,0.007279950925001104
0.0,0.007274472906500141
0.0,0.007197788605251511
0.0,0.007182052915250915
0.0,0.007176628625001101
0.0,0.007150241124999899
0.0,0.0071385888250004035
0.0,0.007131749862499595
0.0,0.007097804160499405
0.0,0.0070903235859998415
0.0,0.0070630421712503545
0.0,0.007061352397248463
0.0,0.007050977833998493
0.0,0.00704014670124949
0.0,0.0070032781125016486
0.0,0.007000158984248611
0.0,0.006999676002499531
0.0,0.006983250511249221
0.0,0.006955370926249073
0.0,0.0069267844932503365
0.0,0.006922137061250521
0.0,0.00692164332499999
0.0,0.0069072015125002315
0.0,0.006892868268998376
0.0,0.006889298220998263
0.0,0.006852658531998599
0.0,0.006843088519999615
0.0,0.0068394871642489755
0.0,0.006820523754250293
0.0,0.006820289912250747
0.0,0.006819395251248441
0.0,0.006808604799999798
0.0,0.00679094705000086
0.0,0.006788233983249976
0.0,0.00678673085725078
0.0,0.00677550271249789
0.0,0.006757884846250422
0.0,0.006749775112500235
0.0,0.006741605379999956
0.0,0.006709718545000956
0.0,0.006680883441247952
0.0,0.006666321445250395
0.0,0.006656149642250676
0.0,0.006654566532249204
0.0,0.006649269878500614
0.0,0.00664599232799877
0.0,0.006618015769999647
0.0,0.006615157822249916
0.0,0.006589212903999763
0.0,0.006588356199999272
0.0,0.006582458352499087
0.0,0.006577728978500844
0.0,0.006568507233999934
0.0,0.006549161293000093
0.0,0.006543423290000103
0.0,0.0065424192125009065
0.0,0.006541721649999725
0.0,0.006534385153249848
0.0,0.006501464822250089
0.0,0.0064965852092498735
0.0,0.00648489680524977
0.0,0.00646407281249968
0.0,0.006444710757250408
0.0,0.006437638525000085
0.0,0.006417158134249602
0.0,0.006416554500001936
0.0,0.006406665593000242
0.0,0.006393937214250281
0.0,0.00639043782500009
0.0,0.006385177066000288
0.0,0.006374981353249891
0.0,0.006344511124999954
0.0,0.006340445752501284
0.0,0.006332607666249776
0.0,0.006331031041250231
0.0,0.0063269517312502885
0.0,0.006326825497000048
0.0,0.006314441426497784
0.0,0.006301277042000357
0.0,0.006277100588999953
0.0,0.006264569490499502
0.0,0.0062560173600007644
0.0,0.006255689213000192
0.0,0.006253008724999973
0.0,0.006240442446500594
0.0,0.006224068249999536
0.0,0.006201757772999601
0.0,0.0061988122485021405
0.0,0.006166750926250492
0.0,0.00614961887649979
0.0,0.006137673649999913
0.0,0.006132944654499463
0.0,0.006119523124998904
0.0,0.0061054690502484
0.0,0.006094240248499576
0.0,0.006090226412500047
0.0,0.006073645603250431
0.0,0.006052578902500304
0.0,0.006051984963249867
0.0,0.006045071817250421
0.0,0.006040728566501648
0.0,0.006031807913000177
0.0,0.0060265650424998485
0.0,0.006018819232499972
0.0,0.006016419641250064
0.0,0.006012950241249937
0.0,0.005985837194499133
0.0,0.005979322482500268
0.0,0.00596435385924945
0.0,0.0059587386502500525
0.0,0.0059586975272492414
0.0,0.0059520476244998444
0.0,0.0059491198879998795
0.0,0.005946626513249982
0.0,0.005920468640999882
0.0,0.005915122104250105
0.0,0.005911781539250316
0.0,0.005906431824999616
0.0,0.005890063975249696
0.0,0.005877839300499813
0.0,0.005876087931249707
0.0,0.005875155958500118
0.0,0.005875014186501802
0.0,0.005867052999999777
0.0,0.005856416815249544
0.0,0.005843665520499357
0.0,0.005833081250000025
0.0,0.005802964100000202
0.0,0.005798333812500771
0.0,0.005788746615250126
0.0,0.005787591458499615
0.0,0.005776514594499676
0.0,0.005772796986499309
0.0,0.005764283008999833
0.0,0.005764106024998892
0.0,0.005742690504999629
0.0,0.005734374151250655
0.0,0.005726849348500575
0.0,0.005725865082500024
0.0,0.005722769049999613
0.0,0.005708675088500302
0.0,0.005707351120500971
0.0,0.005694667225000413
0.0,0.005675559624999436
0.0,0.005665518195999206
0.0,0.005656048399999531
0.0,0.005652660720500311
0.0,0.005640142442500008
0.0,0.005629812586250262
0.0,0.005626020823251728
0.0,0.00561888744424973
0.0,0.005608011249999465
0.0,0.005602210920499971
0.0,0.00559996711700008
0.0,0.005593945473000027
0.0,0.005590322169998931
0.0,0.00558815681925166
0.0,0.005577671164249631
0.0,0.005567514025001705
0.0,0.005565045261250815
0.0,0.005557967440000209
0.0,0.0055480952562500735
0.0,0.005547701251999675
0.0,0.00553179424725005
0.0,0.005531562450000116
0.0,0.005530844053249669
0.0,0.005524817874500267
0.0,0.005519168825000152
0.0,0.0055180139689999675
0.0,0.005516751925001789
0.0,0.0055078676690003495
0.0,0.0055072363599999695
0.0,0.005489772009999576
0.0,0.005489075972250679
0.0,0.005481831150500654
0.0,0.0054794935372500355
0.0,0.0054753224499996846
0.0,0.005462691587999539
0.0,0.005452556646500283
0.0,0.0054462503222504795
0.0,0.005444700466000087
0.0,0.005435661423250043
0.0,0.005431278521000175
0.0,0.005429935267999928
0.0,0.00542908652499933
0.0,0.005417770492250883
0.0,0.005409403090250471
0.0,0.005408821282499713
0.0,0.005380824822250432
0.0,0.005379518249999969
0.0,0.005345688231249757
0.0,0.00532913200099964
0.0,0.005324855300000559
0.0,0.005320319377249343
0.0,0.0053195042500002905
0.0,0.005297523250000689
0.0,0.005284552849999255
0.0,0.005270822257999611
0.0,0.005256569983249723
0.0,0.005246523217999852
0.0,0.0052122815224996755
0.0,0.0051916056049999045
0.0,0.005174579450000513
0.0,0.0051744030500002775
0.0,0.005172881305999336
0.0,0.0051649983312498475
0.0,0.00514410440049967
0.0,0.0051319427904997095
0.0,0.005123462112249084
0.0,0.005114755658499693
0.0,0.005108483298250081
0.0,0.005096898339999965
0.0,0.005084430769999927
0.0,0.005084313514250328
0.0,0.0050808391722501935
0.0,0.0050787814250001576
0.0,0.00505403645000105
0.0,0.005053330551249081
0.0,0.005047846900000195
0.0,0.005035909000251155
0.0,0.005030653149250034
0.0,0.005029681260501373
0.0,0.005010920332249716
0.0,0.005006805017000212
0.0,0.00498031202500019
0.0,0.004977628056249928
0.0,0.004968583825250511
0.0,0.004960838449999866
0.0,0.0049592396499999305
0.0,0.004939080955250448
0.0,0.004937180062250927
0.0,0.004934699824499084
0.0,0.0049195937852493255
0.0,0.0049171044782509036
0.0,0.004913532124999601
0.0,0.004912087959250413
0.0,0.0049050303250000055
0.0,0.004893319651250482
0.0,0.0048824918500000826
0.0,0.004875403413251535
0.0,0.00484400596250077
0.0,0.004816929164499985
0.0,0.004816060866250368
0.0,0.004813332617250736
0.0,0.004812459564251663
0.0,0.00480629188924986
0.0,0.004800875524999388
0.0,0.004797613532499657
0.0,0.004778361045249856
0.0,0.004774733785000304
0.0,0.00476595024999993
0.0,0.004764690850000593
0.0,0.004757816806250304
0.0,0.004755211516249833
0.0,0.004741510457000178
0.0,0.004734085794250102
0.0,0.004703914400000066
0.0,0.004697831139249759
0.0,0.004696796503249617
0.0,0.004690007952999898
0.0,0.004689284980250542
0.0,0.004682516353249748
0.0,0.004662642516250705
0.0,0.004661482849999982
0.0,0.004642191109249984
0.0,0.0046416580452503485
0.0,0.004631048677249895
0.0,0.004619223212500011
0.0,0.0046175346452500396
0.0,0.00461434272500033
0.0,0.00459334611424908
0.0,0.0045892483562506685
0.0,0.004588240894250048
0.0,0.00458314059124997
0.0,0.004573703712501692
0.0,0.004573134139249757
0.0,0.004563529538500222
0.0,0.004562122863249081
0.0,0.004558850650000838
0.0,0.004548840696249286
0.0,0.004543978225000005
0.0,0.0045432149004997965
0.0,0.004530241584250194
0.0,0.004523531224999955
0.0,0.004521059186000415
0.0,0.004518561660501721
0.0,0.004514893386249811
0.0,0.004513313275249383
0.0,0.004497032682250058
0.0,0.0044923718222496314
0.0,0.004484216372499992
0.0,0.004483762194500399
0.0,0.004478101969999601
0.0,0.004463428245251352
0.0,0.004462628608249661
0.0,0.004442310555249174
0.0,0.004421900880499843
0.0,0.004407549412498284
0.0,0.004401395449999294
0.0,0.004386551151250011
0.0,0.004379582563250662
0.0,0.004377525725000021
0.0,0.004373099562500229
0.0,0.0043712565192505475
0.0,0.004351849689999885
0.0,0.004350546421000372
0.0,0.004343326927999189
0.0,0.004336393685000224
0.0,0.004311637564248605
0.0,0.004298267654500048
0.0,0.004296925551249967
0.0,0.004294807857250751
0.0,0.0042926802192501095
0.0,0.00427088391650016
0.0,0.004268165001249655
0.0,0.0042645496364999225
0.0,0.004255074902500154
0.0,0.004250544250000171
0.0,0.004227252200000393
0.0,0.004226140525000113
0.0,0.00422414484999967
0.0,0.004221516793248493
0.0,0.004216729854499742
0.0,0.004205976768500004
0.0,0.004202177155249991
0.0,0.004193626422249924
0.0,0.004180858769000016
0.0,0.004172428324999978
0.0,0.00417150111249889
0.0,0.004164177428000513
0.0,0.004159996900000266
0.0,0.0041588276424991445
0.0,0.0041538210925004355
0.0,0.004149571251248868
0.0,0.0041483964039996084
0.0,0.0041483310092510235
0.0,0.0041397763860002825
0.0,0.004136976780249974
0.0,0.00413650505300012
0.0,0.004127519424999747
0.0,0.004118582008250552
0.0,0.004110254568999615
0.0,0.004106250000000631
0.0,0.004098795625000009
0.0,0.004092865409000959
0.0,0.004091068368499584
0.0,0.004087758582499799
0.0,0.004084652007250108
0.0,0.004074751517000076
0.0,0.004074684525249853
0.0,0.004069253476250138
0.0,0.004067488899999987
0.0,0.004047263626499753
0.0,0.0040464926682494354
0.0,0.004045564582250123
0.0,0.004038667681250264
0.0,0.004025800491249648
0.0,0.004022556324999557
0.0,0.004012771712499913
0.0,0.004012155039999929
0.0,0.004007701449999006
0.0,0.004007505789250273
0.0,0.004006240802499372
0.0,0.004005107935249443
0.0,0.003996942249998456
0.0,0.00399026657725012
0.0,0.003983868755999865
0.0,0.003975874630249807
0.0,0.003973192925000954
0.0,0.003969631648000526
0.0,0.003965793925000155
0.0,0.0039540878682516505
0.0,0.003949502125000368
0.0,0.003948241248250597
0.0,0.003936223771250387
0.0,0.003919391562500167
0.0,0.003913252099999772
0.0,0.003900741706250148
0.0,0.0038896418000000325
0.0,0.0038838002289994147
0.0,0.003881148025000059
0.0,0.0038603940250002237
0.0,0.003853039934251514
0.0,0.003852983809999563
0.0,0.0038526822499998174
0.0,0.003851425144999635
0.0,0.0038446985000008156
0.0,0.0038373561999991692
0.0,0.0038362670785000103
0.0,0.0038344297690000775
0.0,0.003832945242249986
0.0,0.003828147138250644
0.0,0.0038240474500001384
0.0,0.0038132127999992273
0.0,0.0038129233769993868
0.0,0.0038123587999997696
0.0,0.003811099581250318
0.0,0.0038105508352482835
0.0,0.0038067655472501234
0.0,0.0038029230125000736
0.0,0.003800096524999902
0.0,0.0037923519139998166
0.0,0.003788044207249902
0.0,0.0037837246412500466
0.0,0.0037790705605002606
0.0,0.0037782194500001246
0.0,0.003774480781249901
0.0,0.0037733597162496364
0.0,0.0037731653724999373
0.0,0.0037605719702501544
0.0,0.0037534971385000436
0.0,0.0037531897649996
0.0,0.0037414511765002526
0.0,0.0037322594372498847
0.0,0.003731768866250627
0.0,0.003731051650000091
0.0,0.003722841252499569
0.0,0.003711115386250221
0.0,0.0037110704044994135
0.0,0.0037090486250003826
0.0,0.0037049021412489044
0.0,0.0037032787125000463
0.0,0.0037000384512497677
0.0,0.003699511224999973
0.0,0.0036983968690001917
0.0,0.0036912556842500555
0.0,0.003690323521000077
0.0,0.0036866244999999424
0.0,0.0036829595562498903
0.0,0.0036770676972497397
0.0,0.0036767188969999837
0.0,0.0036583239312490226
0.0,0.003650270745250956
0.0,0.0036464639372486094
0.0,0.0036451161852484376
0.0,0.003639084142249723
0.0,0.0036313153132485282
0.0,0.0036311841250005923
0.0,0.003619095588250033
0.0,0.0035962198570011605
0.0,0.003595796296999067
0.0,0.003595767988000059
0.0,0.003588356560999614
0.0,0.003587836716250073
0.0,0.0035866472500000616
0.0,0.003586266454250372
0.0,0.003576096937249763
0.0,0.003573774877250178
0.0,0.0035666684245011255
0.0,0.003564934600000054
0.0,0.003540499441249977
0.0,0.0035276658072488027
0.0,0.003524131248500183
0.0,0.0035191413032498713
0.0,0.003514707644499822
0.0,0.0034999567249999744
0.0,0.0034948723850001555
0.0,0.0034926105122502034
0.0,0.003491892404999889
0.0,0.0034898633072515794
0.0,0.00348561972100013
0.0,0.003477220912249546
0.0,0.0034666170260001117
0.0,0.0034662647252495125
0.0,0.0034646929312489062
0.0,0.003455710450000034
0.0,0.003446631905001431
0.0,0.0034409260250012853
0.0,0.0034380803182498375
0.0,0.0034352046019998236
0.0,0.0034314288062498037
0.0,0.0034277302892504673
0.0,0.003419758822500212
0.0,0.0034180511822500554
0.0,0.0034131693152497757
0.0,0.0034102400012503134
0.0,0.0034025223059998373
0.0,0.003385780780999991
0.0,0.0033724690000000177
0.0,0.0033675234682500515
0.0,0.0033662457459999393
0.0,0.003363659170000014
0.0,0.0033597092562505987
0.0,0.0033587407124984403
0.0,0.0033562306025001105
0.0,0.0033542530362510705
0.0,0.0033541736845007454
0.0,0.003349874250000682
0.0,0.00333704312500094
0.0,0.0033345086080002672
0.0,0.003329248250500147
0.0,0.0033286113249998417
0.0,0.0033227090000005526
0.0,0.0033201425432498625
0.0,0.003312377432499906
0.0,0.0033058344500001787
0.0,0.003305800624999395
0.0,0.003304895372999655
0.0,0.0033002627444998767
0.0,0.00330015509324913
0.0,0.0032990920842499156
0.0,0.003294647200000132
0.0,0.0032845327999999857
0.0,0.003277747908998806
0.0,0.0032753051050001553
0.0,0.003274099731999329
0.0,0.0032730131250010876
0.0,0.0032705477544990027
0.0,0.003267248224999826
0.0,0.003257578275249846
0.0,0.003254581809250095
0.0,0.0032489254285002277
0.0,0.0032446017792504955
0.0,0.003243475378250457
0.0,0.0032409637212503515
0.0,0.0032395525205001926
0.0,0.0032358547079998864
0.0,0.0032351231965000535
0.0,0.0032323586169998907
0.0,0.003229164362249815
0.0,0.0032265307489996865
0.0,0.0032232480250001193
0.0,0.003222750376250622
0.0,0.0032189838164997375
0.0,0.0032172644232500896
0.0,0.0032125099652500566
0.0,0.003210916249998349
0.0,0.0032091087924998583
0.0,0.003206923066000941
0.0,0.003199700044999617
0.0,0.0031948706452496617
0.0,0.003193499444499986
0.0,0.0031929131824983523
0.0,0.003190804324000928
0.0,0.003189429184999895
0.0,0.0031821092500005713
0.0,0.0031805797505006436
0.0,0.003177468450000134
0.0,0.003171591699999675
0.0,0.003167325000500705
0.0,0.003152179985000643
0.0,0.003150117280000298
0.0,0.0031448928499998776
0.0,0.003139137729249939
0.0,0.0031334121249989673
0.0,0.003132175068499973
0.0,0.003115860622250284
0.0,0.0030988812712524176
0.0,0.003090691923249146
0.0,0.003088932748249995
0.0,0.0030888407840000357
0.0,0.0030886477290010595
0.0,0.0030831096249998345
0.0,0.003080215429250923
0.0,0.0030799486249999137
0.0,0.003074152250000085
0.0,0.003073115193999861
0.0,0.003070466436999728
0.0,0.0030691598512512337
0.0,0.003065864402249089
0.0,0.0030568882772502633
0.0,0.0030541643364998595
0.0,0.0030508754725003416
0.0,0.00304714825024975
0.0,0.0030455573299998204
0.0,0.003044959044500052
0.0,0.003042166945250051
0.0,0.003033567125000321
0.0,0.003031774578251368
0.0,0.0030251807164996076
0.0,0.0030228523250005824
0.0,0.0030159554900004264
0.0,0.00301330296250003
0.0,0.0030061268499995035
0.0,0.0030053566250001482
0.0,0.0029898750212502896
0.0,0.0029754135649999024
0.0,0.0029720178499997793
0.0,0.002969104003999998
0.0,0.0029681235999999174
0.0,0.002966584897250004
0.0,0.0029633104662502518
0.0,0.0029630612525002368
0.0,0.0029630017459996113
0.0,0.0029617476999996917
0.0,0.002956377900249693
0.0,0.002953193124999734
0.0,0.0029500540645003284
0.0,0.0029445870732503314
0.0,0.0029329478562496666
0.0,0.002930066248000095
0.0,0.0029293614249999945
0.0,0.0029231817962500142
0.0,0.0029177411769991824
0.0,0.00291362974224933
0.0,0.0029129904844994435
0.0,0.0029059662352500576
0.0,0.0029053095369999775
0.0,0.002898916026500246
0.0,0.0028944185284993785
0.0,0.0028852852500002957
0.0,0.0028817707162509957
0.0,0.002877369999999567
0.0,0.002876292805000344
0.0,0.002866926720999571
0.0,0.002865054726250733
0.0,0.002857770342499638
0.0,0.002853129890000419
0.0,0.0028531140409998384
0.0,0.0028527049999991054
0.0,0.0028515598402502743
0.0,0.0028499589380001178
0.0,0.002849240166499933
0.0,0.0028458673362500575
0.0,0.0028440793145002316
0.0,0.0028408612500009115
0.0,0.0028360996382503435
0.0,0.0028246809672501545
0.0,0.0028201098752500212
0.0,0.0028186936352503893
0.0,0.0028155358250002236
0.0,0.00281542202499992
0.0,0.002814730408249799
0.0,0.002807066286249758
0.0,0.002804646849999978
0.0,0.0027977468544999463
0.0,0.002793121156250216
0.0,0.002790386525000227
0.0,0.002786573002000188
0.0,0.002786564649999439
0.0,0.0027812905682511216
0.0,0.0027805672765003064
0.0,0.002780134195249937
0.0,0.00277909836099893
0.0,0.0027779168290003554
0.0,0.002768810746499412
0.0,0.002764654099999974
0.0,0.0027646020499997874
0.0,0.0027624131125008663
0.0,0.002760667884499905
0.0,0.0027502802090000915
0.0,0.0027448071730001074
0.0,0.0027439051444999286
0.0,0.0027363102032495084
0.0,0.002733857155250153
0.0,0.002725222524999876
0.0,0.002723395720999368
0.0,0.0027165958180002756
0.0,0.0027149373000002644
0.0,0.0027134640602499227
0.0,0.002702158984999641
0.0,0.002697116525000323
0.0,0.00269215628625105
0.0,0.0026910414944990952
0.0,0.00269083481425001
0.0,0.002669507718250041
0.0,0.002662830648999979
0.0,0.002660447952500266
0.0,0.0026532605840005868
0.0,0.002652435573250019
0.0,0.0026486955152503237
0.0,0.002646291886249932
0.0,0.002644490331250091
0.0,0.0026375327112507737
0.0,0.002634226744249734
0.0,0.0026334636320003244
0.0,0.002630253813249244
0.0,0.0026265376542496245
0.0,0.002621174309000258
0.0,0.0026150421212498298
0.0,0.0026103004962500617
0.0,0.002609788899999418
0.0,0.002604948522250946
0.0,0.002601575824999867
0.0,0.0025999636130013687
0.0,0.0025987920252496413
0.0,0.0025948365772504372
0.0,0.002593779709000113
0.0,0.002587858486249946
0.0,0.002582362954000183
0.0,0.0025750724112488786
0.0,0.0025731919182498866
0.0,0.0025704971889996724
0.0,0.002570203925001187
0.0,0.00257005022500014
0.0,0.0025699150930000077
0.0,0.002567279549000837
0.0,0.0025630489682489537
0.0,0.0025614204259998864
0.0,0.0025597914250002165
0.0,0.0025584590479999516
0.0,0.002557390976999645
0.0,0.0025551779762500158
0.0,0.0025548145312500976
0.0,0.0025522717299999095
0.0,0.0025484158464987557
0.0,0.0025474393802494806
0.0,0.002546163581000361
0.0,0.0025450204250001334
0.0,0.002543730852500128
0.0,0.0025401662884998897
0.0,0.0025376896665001095
0.0,0.002537163562000122
0.0,0.0025357473602489597
0.0,0.002534635192999831
0.0,0.0025277769889998627
0.0,0.0025272148450000893
0.0,0.002519740884999535
0.0,0.0025159379444998345
0.0,0.0025131318499994194
0.0,0.002510407188250079
0.0,0.0025096733052498432
0.0,0.0025071850105002373
0.0,0.0025067503025000245
0.0,0.0024957266312501045
0.0,0.0024935148242501027
0.0,0.002479150636999907
0.0,0.0024788031462499136
0.0,0.0024754751905001456
0.0,0.002474496624999784
0.0,0.00246023249299979
0.0,0.0024508859219996883
0.0,0.0024462894965008343
0.0,0.0024443817244998475
0.0,0.0024341015452498697
0.0,0.0024325317000001186
0.0,0.002431212982249867
0.0,0.0024285315399997197
0.0,0.002427265224250336
0.0,0.0024247445689991
0.0,0.0024244978759999374
0.0,0.002422418640999989
0.0,0.0024222904399998574
0.0,0.002410380584500239
0.0,0.002409868034499969
0.0,0.002407856744000768
0.0,0.0024055434242490842
0.0,0.002405325429250023
0.0,0.002395923724999809
0.0,0.0023912123712503354
0.0,0.002386688899999861
0.0,0.0023781346964995946
0.0,0.002377128001249992
0.0,0.0023751802172498502
0.0,0.0023640152262506507
0.0,0.0023628432005003094
0.0,0.0023579799849986287
0.0,0.002356408682500143
0.0,0.0023470488820002055
0.0,0.002346896050000127
0.0,0.0023450239685000613
0.0,0.0023439749022495233
0.0,0.0023433859502502777
0.0,0.0023425999482508996
0.0,0.0023416131005000503
0.0,0.002341500151251054
0.0,0.0023245113602501756
0.0,0.002315523367249888
0.0,0.002310649588000117
0.0,0.002310569224999863
0.0,0.002309992128999763
0.0,0.002309849800000132
0.0,0.0023073050239993662
0.0,0.0023058689724999365
0.0,0.0023055631625001757
0.0,0.002302003999999922
0.0,0.00230015139425022
0.0,0.0022988642500007764
0.0,0.002298615332000343
0.0,0.0022955784085001967
0.0,0.002293963480999016
0.0,0.0022926930132493913
0.0,0.0022916223132504725
0.0,0.002290899649999855
0.0,0.002285425390249571
0.0,0.002275675925000006
0.0,0.0022707724232500304
0.0,0.00227076547699991
0.0,0.002266188220250217
0.0,0.0022649853062500346
0.0,0.002262688204249028
0.0,0.0022617112185009565
0.0,0.0022601343032488965
0.0,0.0022589710249995903
0.0,0.0022584276745000976
0.0,0.0022567157682502033
0.0,0.002252432145999567
0.0,0.002250100450001099
0.0,0.0022494344450002144
0.0,0.0022471432062490136
0.0,0.0022469591262485773
0.0,0.0022424651072490793
0.0,0.002238963124999992
0.0,0.00223771306399982
0.0,0.0022349466249997757
0.0,0.002233937028501288
0.0,0.0022335082660002977
0.0,0.002232559625000576
0.0,0.0022282796569997308
0.0,0.0022274445204999915
0.0,0.0022230890280002004
0.0,0.0022201018132504066
0.0,0.0022183695805002225
0.0,0.00221472439625008
0.0,0.0022133708405013375
0.0,0.0022110345112499098
0.0,0.0022061828642502947
0.0,0.002204140906249951
0.0,0.0022025142302511437
0.0,0.0021993503844997897
0.0,0.0021990742250002026
0.0,0.002181263140250312
0.0,0.0021803327582505987
0.0,0.0021770450000001915
0.0,0.0021743634099999735
0.0,0.0021726413365001015
0.0,0.0021720730505011662
0.0,0.002170091881250134
0.0,0.002165637650499554
0.0,0.0021614398144986645
0.0,0.002160859230499178
0.0,0.002157429445000094
0.0,0.002155276006251081
0.0,0.002153670648999861
0.0,0.0021508332144997908
0.0,0.0021502666992495372
0.0,0.0021484460240001274
0.0,0.0021465635412516457
0.0,0.0021423400820001
0.0,0.002141521964500037
0.0,0.002140023537999177
0.0,0.0021397334982501295
0.0,0.0021389004499999384
0.0,0.0021364363249997574
0.0,0.002133451700000137
0.0,0.002127745705249981
0.0,0.0021251282844998694
0.0,0.002119599243249482
0.0,0.0021189196832501057
0.0,0.0021145572162498847
0.0,0.0021145063932495847
0.0,0.002110619945250023
0.0,0.002110223526500321
0.0,0.0021076818049997996
0.0,0.0021056619162498824
0.0,0.002104532899999841
0.0,0.002099158625001045
0.0,0.0020941985089999683
0.0,0.0020917608062496896
0.0,0.002089826125000001
0.0,0.0020894462712499487
0.0,0.0020887215722501643
0.0,0.002084465072500038
0.0,0.0020778625089997865
0.0,0.0020773149062500245
0.0,0.002076699481000134
0.0,0.002076423368499795
0.0,0.002076127724250372
0.0,0.0020726439624999347
0.0,0.002071224850000271
0.0,0.00206550876999993
0.0,0.002064490899999951
0.0,0.002062660779249322
0.0,0.0020624265800003603
0.0,0.0020586650712496003
0.0,0.0020577876500004113
0.0,0.002057500550250946
0.0,0.0020565936925001074
0.0,0.0020558469282496916
0.0,0.0020513701524998303
0.0,0.0020511261002500985
0.0,0.0020446562739999527
0.0,0.002044619738500177
0.0,0.0020439929005000865
0.0,0.002038688528499354
0.0,0.0020372740922495404
0.0,0.0020372286500000237
0.0,0.002035695174499888
0.0,0.0020351612250000288
0.0,0.0020344149942497585
0.0,0.002031859091250132
0.0,0.002031774811251029
0.0,0.002031517892001987
0.0,0.002028692156500661
0.0,0.0020284761512508855
0.0,0.002023293133000004
0.0,0.0020174483882500287
0.0,0.002003722720250052
0.0,0.0020014716250000703
0.0,0.0019975477692489654
0.0,0.001995844126249681
0.0,0.0019898955699997447
0.0,0.0019851072152498334
0.0,0.001984720450250137
0.0,0.0019804078344998794
0.0,0.0019802857999992656
0.0,0.0019782492499997397
0.0,0.0019766747299999974
0.0,0.0019752040872500947
0.0,0.0019620123380003616
0.0,0.0019606160862501764
0.0,0.0019570591462501072
0.0,0.0019549928249995383
0.0,0.0019549393425001838
0.0,0.001948639190500066
0.0,0.0019467194152495686
0.0,0.0019441419952497857
0.0,0.0019418714824994622
0.0,0.0019411950545000574
0.0,0.0019407735032500246
0.0,0.001940466838249981
0.0,0.0019381894232509344
0.0,0.0019353342465001878
0.0,0.0019345887024999726
0.0,0.0019325832500000262
0.0,0.001932279706249184
0.0,0.0019317073512505078
0.0,0.0019274709279998882
0.0,0.001925527495999931
0.0,0.0019246350125005653
0.0,0.001924393736500166
0.0,0.001923447009250089
0.0,0.001921688546000034
0.0,0.0019213977265002049
0.0,0.0019180579682498027
0.0,0.0019176136562490684
0.0,0.001917418224999588
0.0,0.0019137466572501332
0.0,0.00191200366825007
0.0,0.001910587836250297
0.0,0.0019072066162491097
0.0,0.0019049258499999897
0.0,0.0019006482649999393
0.0,0.0018945694782495875
0.0,0.0018942146499998998
0.0,0.0018935701285004876
0.0,0.0018927687290002158
0.0,0.0018927076422501996
0.0,0.0018882155892501167
0.0,0.001888156398499262
0.0,0.0018853230649991102
0.0,0.0018832574542502886
0.0,0.001880514481249866
0.0,0.001879203697999895
0.0,0.0018791780890005027
0.0,0.0018790577650001576
0.0,0.001878631446500204
0.0,0.001874854338249232
0.0,0.0018688387249997927
0.0,0.001868719939250208
0.0,0.0018675517249999367
0.0,0.0018673203519996527
0.0,0.0018648000312502242
0.0,0.0018597009610004408
0.0,0.0018573298019999866
0.0,0.0018566907212499819
0.0,0.0018559687742498296
0.0,0.0018554515729999436
0.0,0.0018536793582500579
0.0,0.0018534902892500425
0.0,0.001852679044250201
0.0,0.0018526431205004184
0.0,0.0018484444249998542
0.0,0.0018467888782501473
0.0,0.001846546663999183
0.0,0.0018444366485000914
0.0,0.0018436875524992882
0.0,0.0018421577005001827
0.0,0.0018413809250000138
0.0,0.001841226580000059
0.0,0.0018347853325000542
0.0,0.0018315368112499272
0.0,0.0018314330500001459
0.0,0.001830126215250661
0.0,0.0018279054249996324
0.0,0.001827482007250501
0.0,0.001827253795249592
0.0,0.001823484300999921
0.0,0.0018234330500001724
0.0,0.0018213268144998797
0.0,0.0018174435890000937
0.0,0.00181645499025013
0.0,0.001805562147999828
0.0,0.0018046150025000725
0.0,0.0018007050605002978
0.0,0.0017988404062496183
0.0,0.001798099760250419
0.0,0.0017974554410000302
0.0,0.0017936527252503756
0.0,0.0017925094472498735
0.0,0.0017923164642498113
0.0,0.0017921233450010085
0.0,0.001790940966250044
0.0,0.001788793529000243
0.0,0.0017875989852508237
0.0,0.0017860604499997314
0.0,0.0017851485664991387
0.0,0.0017844798819998957
0.0,0.0017841734124996972
0.0,0.0017839251460004789
0.0,0.0017837868462499305
0.0,0.0017807389345000039
0.0,0.00177859480524886
0.0,0.0017781012889998438
0.0,0.0017754142249998394
0.0,0.0017748406249991312
0.0,0.0017746265000002333
0.0,0.0017729510532500435
0.0,0.001770200593249248
0.0,0.001769122112499522
0.0,0.0017676105209999612
0.0,0.0017663846712502483
0.0,0.0017659700742501225
0.0,0.0017632068612503115
0.0,0.001761796941250195
0.0,0.001761159132499695
0.0,0.0017610294250000624
0.0,0.0017601074132495838
0.0,0.0017600783940006973
0.0,0.001758338124999771
0.0,0.0017548710912501041
0.0,0.0017524967450010431
0.0,0.0017513817024999746
0.0,0.0017504511250003548
0.0,0.0017434815080001986
0.0,0.0017408314885001127
0.0,0.0017392392452500807
0.0,0.001738327867249845
0.0,0.0017350530499989861
0.0,0.001734398450000878
0.0,0.0017312641892503959
0.0,0.001730949110499163
0.0,0.0017301403124998763
0.0,0.0017297609050002626
0.0,0.0017262324819998461
0.0,0.0017234727402502563
0.0,0.0017217724249997909
0.0,0.0017216568662503215
0.0,0.001721092925000152
0.0,0.0017186129999996731
0.0,0.001716821725000186
0.0,0.0017156581625006689
0.0,0.0017151542185002448
0.0,0.0017139904962497085
0.0,0.0017134824004998678
0.0,0.0017103414752500583
0.0,0.0017089248544999514
0.0,0.0017085191649996389
0.0,0.0017085116525000373
0.0,0.0017077299925000221
0.0,0.001704940412500013
0.0,0.0017043456932499708
0.0,0.0017019918919999883
0.0,0.001701301862500067
0.0,0.0016999503312495354
0.0,0.0016998867372499031
0.0,0.001696579840999584
0.0,0.0016959527102498471
0.0,0.0016939428232499386
0.0,0.001692635352999572
0.0,0.0016894695662501736
0.0,0.0016871711942500413
0.0,0.0016866752499998731
0.0,0.001686014927999138
0.0,0.0016844832500005247
0.0,0.0016839794000001584
0.0,0.0016821594542498295
0.0,0.0016806980892501938
0.0,0.0016805175250000953
0.0,0.0016775893022499143
0.0,0.0016761624519999838
0.0,0.0016742765472500857
0.0,0.0016706860292502908
0.0,0.0016701450099992122
0.0,0.0016686874662498255
0.0,0.0016662070202501866
0.0,0.0016627241772499812
0.0,0.0016606056980001493
0.0,0.0016595275902495873
0.0,0.001659007512500115
0.0,0.001657740165249918
0.0,0.0016566697204996755
0.0,0.0016557295812498314
0.0,0.0016553673700002254
0.0,0.001654381681249885
0.0,0.0016530680632489002
0.0,0.0016506566410001249
0.0,0.0016493616399999211
0.0,0.001647520582250121
0.0,0.0016472237000001416
0.0,0.0016459874382501662
0.0,0.0016443010250000551
0.0,0.0016438565225003067
0.0,0.0016418410000002424
0.0,0.0016417022612502303
0.0,0.001640409692500276
0.0,0.0016394021425003734
0.0,0.001638536124999872
0.0,0.0016380406250003535
0.0,0.0016367895812501928
0.0,0.001635054450249985
0.0,0.0016339638942502288
0.0,0.0016332919719998262
0.0,0.0016309041799995277
0.0,0.0016307070304998608
0.0,0.0016284762832497926
0.0,0.0016259421302498942
0.0,0.0016258108712505586
0.0,0.0016214721384998478
0.0,0.00161976581124966
0.0,0.001618638625000026
0.0,0.0016185262250010813
0.0,0.0016162905222505833
0.0,0.0016149311825010278
0.0,0.0016148829762499192
0.0,0.0016145938090001075
0.0,0.0016145262242498138
0.0,0.0016142359932506184
0.0,0.0016131690542502172
0.0,0.0016128099544998869
0.0,0.0016127367362501598
0.0,0.001610074728000047
0.0,0.0016084778872499633
0.0,0.0016055677249996758
0.0,0.001604542285000051
0.0,0.0016002379009999964
0.0,0.0015999215442496668
0.0,0.0015992534049998222
0.0,0.0015975129125000308
0.0,0.0015963507250000542
0.0,0.0015950344824989127
0.0,0.0015923906499997738
0.0,0.0015919145644999817
0.0,0.0015883516479999798
0.0,0.0015871040000001544
0.0,0.0015848915972499053
0.0,0.0015826375449999176
0.0,0.0015820290752497864
0.0,0.00158051245250012
0.0,0.001579113325000102
0.0,0.0015784779864997348
0.0,0.0015782826500000493
0.0,0.0015769421052500687
0.0,0.0015767893490002238
0.0,0.0015753888124999537
0.0,0.0015730504422500182
0.0,0.0015719236000003994
0.0,0.0015709907222505647
0.0,0.0015696327545003039
0.0,0.001568709728999061
0.0,0.0015673741812493175
0.0,0.0015669531312500365
0.0,0.0015658030585000602
0.0,0.0015657783249998453
0.0,0.001563095300000149
0.0,0.0015617513192501301
0.0,0.0015597254249995886
0.0,0.001559001954500176
0.0,0.001558796200000165
0.0,0.0015584079012497692
0.0,0.0015577407062500829
0.0,0.0015576280272499236
0.0,0.0015552097502503034
0.0,0.0015544963250003502
0.0,0.0015539485144998519
0.0,0.0015533722250003531
0.0,0.001553189445249889
0.0,0.0015491696980002886
0.0,0.0015453303092503893
0.0,0.0015400680332498756
0.0,0.001539509508998802
0.0,0.0015366912999999994
0.0,0.001536592388000062
0.0,0.0015362082499996523
0.0,0.0015345652500001012
0.0,0.001532791625000085
0.0,0.0015312672225000097
0.0,0.001529503625000064
0.0,0.0015294385472497624
0.0,0.0015262352259994422
0.0,0.0015255106000002234
0.0,0.0015250459832505659
0.0,0.0015242721250002
0.0,0.0015214002162504737
0.0,0.0015204396804992407
0.0,0.0015192390544998351
0.0,0.0015176602249997867
0.0,0.0015149200049997358
0.0,0.0015128355432502522
0.0,0.0015081820624996607
0.0,0.0015080397772499598
0.0,0.0015070890612498976
0.0,0.0015066052000002402
0.0,0.0015055823545007468
0.0,0.001505272596999864
0.0,0.0015048642622503944
0.0,0.0015036815689999242
0.0,0.0014995905542503551
0.0,0.0014995220112502207
0.0,0.0014954063140004983
0.0,0.001495065081250615
0.0,0.0014939662984996978
0.0,0.0014938159345002082
0.0,0.001492711100499795
0.0,0.0014914895005009258
0.0,0.0014890550479997584
0.0,0.0014881726112501716
0.0,0.0014881697662507197
0.0,0.0014871514062500617
0.0,0.0014864644000001218
0.0,0.0014843079962500935
0.0,0.0014841376000002248
0.0,0.001484122663999886
0.0,0.0014790630302501779
0.0,0.0014787264872500503
0.0,0.0014783044152501077
0.0,0.0014774473404999095
0.0,0.0014766033812502436
0.0,0.0014727381812497113
0.0,0.0014724470889998969
0.0,0.0014707462944998557
0.0,0.0014680323720007954
0.0,0.0014671107362498397
0.0,0.0014668356712501324
0.0,0.001465823241249993
0.0,0.0014636541250006717
0.0,0.0014626846732500836
0.0,0.001461561124999823
0.0,0.0014577755084998856
0.0,0.0014558715679999373
0.0,0.0014557966262500849
0.0,0.0014556995592499167
0.0,0.0014552279724998054
0.0,0.0014551812324998293
0.0,0.001453839904250185
0.0,0.001450415864250044
0.0,0.0014501214249998933
0.0,0.0014485734025001134
0.0,0.0014482673532507802
0.0,0.001446058224999888
0.0,0.0014457080499998976
0.0,0.0014449330082500036
0.0,0.0014441224499993598
0.0,0.0014432656725002508
0.0,0.00144184161849982
0.0,0.0014417993262503361
0.0,0.001441343378000138
0.0,0.001437271987999999
0.0,0.001434882390250123
0.0,0.0014345979409999918
0.0,0.0014341756022497472
0.0,0.0014332356112517813
0.0,0.0014322798100000192
0.0,0.0014299624249998236
0.0,0.0014298014249999665
0.0,0.0014291788864996791
0.0,0.0014283065745010026
0.0,0.0014273224090000781
0.0,0.0014268265332505903
0.0,0.001426277678499903
0.0,0.0014254390450010445
0.0,0.001423283700250085
0.0,0.0014231291544998946
0.0,0.0014202149844997772
0.0,0.001418310390249918
0.0,0.0014170551624993098
0.0,0.0014159542279999222
0.0,0.0014150712650000893
0.0,0.0014145264799995602
0.0,0.0014122535084991447
0.0,0.001411593940249956
0.0,0.001411250160999994
0.0,0.0014059134782511535
0.0,0.0014041368639996867
0.0,0.0014020587062517865
0.0,0.0014014649049998692
0.0,0.0013983282649997677
0.0,0.0013963436582496189
0.0,0.0013962060724998352
0.0,0.0013916673392503438
0.0,0.0013901536122490443
0.0,0.0013894136825002533
0.0,0.0013889288724996097
0.0,0.0013789495504997527
0.0,0.0013754845962492693
0.0,0.0013753895052499993
0.0,0.0013737578962498124
0.0,0.0013737477312501013
0.0,0.0013715684999997882
0.0,0.0013690957945000288
0.0,0.001368660312499987
0.0,0.0013670027412502404
0.0,0.0013658310945002467
0.0,0.0013650868404998509
0.0,0.0013634654500000135
0.0,0.0013599027620001315
0.0,0.0013596705332493235
0.0,0.0013577208250004822
0.0,0.0013541975202497687
0.0,0.0013539087372501984
0.0,0.0013525955312499607
0.0,0.0013520629124995085
0.0,0.0013499609682499287
0.0,0.001349142352000017
0.0,0.001348510994499827
0.0,0.0013478930105003453
0.0,0.001347351650000103
0.0,0.0013462160625004236
0.0,0.001345790790500066
0.0,0.001343192984499312
0.0,0.001342662500000005
0.0,0.0013423957322495532
0.0,0.001341295075249979
0.0,0.0013382248172504035
0.0,0.00133480224250019
0.0,0.0013344486560001843
0.0,0.0013344053089998347
0.0,0.001334312449999818
0.0,0.0013338579222499634
0.0,0.0013319075125000483
0.0,0.0013314475622505974
0.0,0.0013294058862500266
0.0,0.0013276490705000218
0.0,0.0013267671250005266
0.0,0.0013263935782501343
0.0,0.001325348649999765
0.0,0.0013217061162496776
0.0,0.0013207008212498404
0.0,0.001320361578001032
0.0,0.0013192616050000815
0.0,0.0013192171039995973
0.0,0.0013185452529998441
0.0,0.0013183283944999276
0.0,0.0013163586500000203
0.0,0.0013159581725003284
0.0,0.0013158587712502586
0.0,0.0013128525312499425
0.0,0.0013127300019999202
0.0,0.0013101829052504482
0.0,0.0013100750072497
0.0,0.001307730895249975
0.0,0.001307678533249893
0.0,0.0013074156159999116
0.0,0.0013061278242499747
0.0,0.0013053796142499228
0.0,0.0013049026212498729
0.0,0.001303594681249208
0.0,0.0013031626250001806
0.0,0.001300322383999923
0.0,0.0013000583065002308
0.0,0.0012995703249998381
0.0,0.001299104641249825
0.0,0.0012974326332494646
0.0,0.0012962892762498823
0.0,0.0012957913262500475
0.0,0.001295562040250647
0.0,0.0012952697262499963
0.0,0.001295155964499838
0.0,0.0012943937142501365
0.0,0.0012930191300000887
0.0,0.0012924184385007533
0.0,0.0012912710832500849
0.0,0.0012907261250001737
0.0,0.001289789521249603
0.0,0.001289748960999869
0.0,0.001287432210250044
0.0,0.0012868816609998325
0.0,0.0012862313262499714
0.0,0.001285303700000216
0.0,0.0012851476104997549
0.0,0.0012848258652497233
0.0,0.0012844768465000095
0.0,0.0012843550602499197
0.0,0.0012836477922497504
0.0,0.0012824409085011698
0.0,0.0012815956250000018
0.0,0.0012801032045002712
0.0,0.0012794366562485446
0.0,0.0012768657250003517
0.0,0.0012760621262501723
0.0,0.0012760087540003725
0.0,0.001275287018000232
0.0,0.0012745784562516146
0.0,0.0012699229504999836
0.0,0.0012697279812499541
0.0,0.0012681994249994393
0.0,0.0012681713249998838
0.0,0.0012670121812492236
0.0,0.0012670079425000555
0.0,0.0012661083264999626
0.0,0.0012651120552497576
0.0,0.0012648712500001212
0.0,0.0012639801804996496
0.0,0.0012617275465000067
0.0,0.0012616806445005398
0.0,0.0012606870250001729
0.0,0.0012598183624999986
0.0,0.0012597630499998518
0.0,0.0012563078690000752
0.0,0.0012548548359999083
0.0,0.0012546838842502
0.0,0.001254197414500175
0.0,0.001254179076250151
0.0,0.0012539215765000058
0.0,0.0012536647824999531
0.0,0.0012533363999999428
0.0,0.0012515333890008714
0.0,0.0012511509125004714
0.0,0.00124894368650004
0.0,0.001246450597250547
0.0,0.0012453677840005093
0.0,0.001244426681250127
0.0,0.0012441489372495241
0.0,0.001243646349250167
0.0,0.0012411436224999772
0.0,0.0012407473249999208
0.0,0.0012398891124996872
0.0,0.0012394873212489392
0.0,0.001238399626500411
0.0,0.0012381847089997042
0.0,0.0012379953969998442
0.0,0.0012379876210002268
0.0,0.0012376093472500679
0.0,0.0012363237162487089
0.0,0.001235101224999465
0.0,0.0012348913000001548
0.0,0.0012298590962506405
0.0,0.0012287772652490193
0.0,0.0012285992612501313
0.0,0.0012284298212500246
0.0,0.00122828484999999
0.0,0.0012276835302498425
0.0,0.0012260003169998145
0.0,0.001225895551249606
0.0,0.0012250165292503465
0.0,0.0012244140250006145
0.0,0.0012220569000000504
0.0,0.001221111063250008
0.0,0.001220122515250166
0.0,0.0012189129249999611
0.0,0.0012181820112498554
0.0,0.0012180044500001463
0.0,0.0012173902064998828
0.0,0.0012168334879999318
0.0,0.0012145103522499367
0.0,0.0012115424500007028
0.0,0.0012089325932500687
0.0,0.0012088587752506117
0.0,0.0012083337370000077
0.0,0.0012076312562498445
0.0,0.0012075787782508001
0.0,0.001206966660250079
0.0,0.001206618716250074
0.0,0.0012063353089999294
0.0,0.0012043539012494037
0.0,0.0012036764312498727
0.0,0.0012020562500000623
0.0,0.0011993938210001025
0.0,0.001198552923249818
0.0,0.0011982019599999765
0.0,0.0011969500099996782
0.0,0.0011966216545001808
0.0,0.0011910069312500834
0.0,0.0011905808312498295
0.0,0.0011884593842508395
0.0,0.0011878360892497554
0.0,0.0011859283002494088
0.0,0.0011858120342499033
0.0,0.0011856559142498719
0.0,0.0011852759372502414
0.0,0.0011830412465001165
0.0,0.001183004737999843
0.0,0.0011797977545006245
0.0,0.0011795428999997757
0.0,0.0011779222832499973
0.0,0.0011757050769999945
0.0,0.0011741784184999392
0.0,0.0011741528442500268
0.0,0.0011729910979998777
0.0,0.0011725337832502191
0.0,0.0011713291182496358
0.0,0.0011712099972499604
0.0,0.0011702102569999455
0.0,0.0011692693802499922
0.0,0.0011692402212497939
0.0,0.0011680510525001104
0.0,0.0011644736020002947
0.0,0.0011640564585000185
0.0,0.001163633986249644
0.0,0.0011630882072495709
0.0,0.0011624739942501326
0.0,0.0011614850942502433
0.0,0.0011603335284998061
0.0,0.001160086489249527
0.0,0.001159290512000072
0.0,0.0011588523522501838
0.0,0.0011587470010000886
0.0,0.0011587025812507116
0.0,0.0011579219450000857
0.0,0.001157479904500105
0.0,0.0011569838500007342
0.0,0.0011549439529998594
0.0,0.0011531326112501662
0.0,0.001152533312500121
0.0,0.0011515205862499607
0.0,0.0011514089770001457
0.0,0.001150638739999869
0.0,0.0011505626185001135
0.0,0.001150287765250771
0.0,0.001149871690249652
0.0,0.0011496283249997573
0.0,0.0011472586752500659
0.0,0.0011457520999985607
0.0,0.0011456037370001456
0.0,0.0011451967332496763
0.0,0.0011442193324998936
0.0,0.001143040726249231
0.0,0.0011426927725000403
0.0,0.0011406399862500692
0.0,0.0011400651249999444
0.0,0.0011400070562499435
0.0,0.0011396354472498513
0.0,0.0011392909250001779
0.0,0.001137494922499727
0.0,0.0011374838799998635
0.0,0.0011352646729998034
0.0,0.001133902328499276
0.0,0.0011328976682500407
0.0,0.0011310658689999268
0.0,0.001130641525000039
0.0,0.0011287482212495618
0.0,0.0011265459184999528
0.0,0.0011258040092498828
0.0,0.0011254134072501763
0.0,0.0011252254412497868
0.0,0.001124944141250084
0.0,0.001123547290000003
0.0,0.0011225013102498932
0.0,0.0011224677632498856
0.0,0.0011218279859999247
0.0,0.0011216326250001493
0.0,0.0011205261005000078
0.0,0.0011203630022495884
0.0,0.0011191628499992155
0.0,0.0011165908100001197
0.0,0.0011147857312501092
0.0,0.001114652817000024
0.0,0.001113327616249934
0.0,0.0011129152062500651
0.0,0.0011128306250007421
0.0,0.0011121699665008
0.0,0.0011102344402496194
0.0,0.0011068106562502804
0.0,0.001106753220249423
0.0,0.001106022331249963
0.0,0.001105838499999956
0.0,0.0011057954832500547
0.0,0.001105674724999926
0.0,0.0011026473250006596
0.0,0.0011006913999999498
0.0,0.0010998752500003272
0.0,0.0010953180625001091
0.0,0.00109524640000007
0.0,0.0010950559850008482
0.0,0.0010948408424999046
0.0,0.0010910227902503479
0.0,0.0010905696500003695
0.0,0.001090416138499931
0.0,0.0010901437052498269
0.0,0.0010901235962499948
0.0,0.0010890992179999634
0.0,0.0010887724999992516
0.0,0.001088151424998537
0.0,0.001088016874250131
0.0,0.0010879480262496661
0.0,0.0010871562622497646
0.0,0.0010871028250000001
0.0,0.0010867446500002086
0.0,0.00108618955250008
0.0,0.0010855701250002234
0.0,0.0010848022285006873
0.0,0.0010847466852491657
0.0,0.0010844028292500945
0.0,0.001083939082249835
0.0,0.0010834301562500943
0.0,0.0010832655812497611
0.0,0.0010808896252491851
0.0,0.0010806035862497613
0.0,0.0010805851932497333
0.0,0.0010803571262501873
0.0,0.0010801606182498078
0.0,0.0010794948362500777
0.0,0.001078257440000427
0.0,0.0010775831559999716
0.0,0.001076720317249946
0.0,0.0010762422052496574
0.0,0.0010761425000005574
0.0,0.0010749916689999257
0.0,0.0010748074900002733
0.0,0.001073996604999665
0.0,0.001072982613250003
0.0,0.001071613813250058
0.0,0.0010711321685000867
0.0,0.001069785907999872
0.0,0.001069574004249949
0.0,0.001069207225250742
0.0,0.001067778500000405
0.0,0.0010677042102503653
0.0,0.001066711482500419
0.0,0.0010666986249998735
0.0,0.001064156522500078
0.0,0.0010629005479995024
0.0,0.0010628811062492146
0.0,0.0010627659932502319
0.0,0.001062128840000068
0.0,0.0010616095249998138
0.0,0.0010609600250000276
0.0,0.0010607202012500464
0.0,0.0010603931490003513
0.0,0.0010594656260000004
0.0,0.0010581327782495284
0.0,0.0010577908562497977
0.0,0.0010569465050005904
0.0,0.0010566450500000286
0.0,0.0010560826249995086
0.0,0.0010559192319999783
0.0,0.001055684361250437
0.0,0.0010540573324999477
0.0,0.0010535065000014745
0.0,0.0010523630665000142
0.0,0.0010492115732493189
0.0,0.0010490328400008199
0.0,0.0010485470882503594
0.0,0.0010480322112502447
0.0,0.0010479326022498111
0.0,0.0010479063559997283
0.0,0.0010476473965002752
0.0,0.001047272776249492
0.0,0.0010446687939998879
0.0,0.0010444405902497948
0.0,0.0010442221704999844
0.0,0.001042820282500107
0.0,0.0010422924122506483
0.0,0.0010422612009999685
0.0,0.0010418206185007716
0.0,0.0010417345249998551
0.0,0.0010399514462494097
0.0,0.0010384725822485377
0.0,0.0010380805412502237
0.0,0.0010373321449999898
0.0,0.0010371001084995774
0.0,0.0010365971292505922
0.0,0.001032486266500062
0.0,0.0010323216249999616
0.0,0.0010323181304997895
0.0,0.0010319129792501478
0.0,0.0010317973640002628
0.0,0.0010315302972498195
0.0,0.0010308606012507887
0.0,0.0010294936762500384
0.0,0.001029096938000088
0.0,0.0010283886612497922
0.0,0.0010283804305001299
0.0,0.0010277922259999506
0.0,0.001026914124999986
0.0,0.0010268366072500776
0.0,0.001026643080249929
0.0,0.0010254060764996451
0.0,0.0010250383562495193
0.0,0.0010241017299999
0.0,0.0010238946962497046
0.0,0.0010223670312499132
0.0,0.0010220010685001832
0.0,0.0010217762820000993
0.0,0.0010216322005003283
0.0,0.0010207817982498123
0.0,0.001020749299999951
0.0,0.0010206940249998678
0.0,0.0010202633124999955
0.0,0.0010182033362499986
0.0,0.001017711764000131
0.0,0.001016697292999883
0.0,0.0010161887912500751
0.0,0.0010148881250001147
0.0,0.001014879402499843
0.0,0.001014879120250254
0.0,0.0010133775745003015
0.0,0.0010126716625000012
0.0,0.0010121381612501618
0.0,0.0010117613252506076
0.0,0.0010112818002497239
0.0,0.0010094977372501035
0.0,0.0010075405512500123
0.0,0.0010074685524994402
0.0,0.0010060670012501606
0.0,0.0010059124659995032
0.0,0.0010057033482503077
0.0,0.001003638429000185
0.0,0.0010036072000000212
0.0,0.001003332541249814
0.0,0.0010032044945000236
0.0,0.0010024249242494856
0.0,0.0010022195600001794
0.0,0.0010018171842493145
0.0,0.0010016082324996352
0.0,0.0010015858900007798
0.0,0.0010006331599999182
0.0,0.0010004463650003393
0.0,0.0010003065250002085
0.0,0.00099998955125017
0.0,0.000999933884999942
0.0,0.000999892998499838
0.0,0.0009991930225001417
0.0,0.0009988389672500025
0.0,0.0009978573249995687
0.0,0.0009976974762503673
0.0,0.0009971937562498895
0.0,0.0009956413002495414
0.0,0.000991767725000064
0.0,0.000991623732499948
0.0,0.000989746958499829
0.0,0.0009895348932507323
0.0,0.00098847941824988
0.0,0.0009880252570004828
0.0,0.0009872591859999525
0.0,0.0009870429942498364
0.0,0.0009864123512499405
0.0,0.0009862699250003553
0.0,0.0009843024664999576
0.0,0.0009823271649991373
0.0,0.0009812311062499116
0.0,0.000981093918500183
0.0,0.0009808063809999953
0.0,0.0009807713524998172
0.0,0.0009803902592497534
0.0,0.000979753505000124
0.0,0.0009792094292501797
0.0,0.0009791622042497746
0.0,0.0009790786062499122
0.0,0.0009780594245002517
0.0,0.0009776107812499765
0.0,0.0009769029939999938
0.0,0.0009768212499998781
0.0,0.0009763865704993765
0.0,0.0009761510312497432
0.0,0.0009759315312499891
0.0,0.000974912654500156
0.0,0.0009739075999996177
0.0,0.000973670142249817
0.0,0.00097330888125004
0.0,0.0009731596810002778
0.0,0.0009710085689998923
0.0,0.0009704377302499139
0.0,0.0009703994000000677
0.0,0.0009691655952501953
0.0,0.0009689118410000112
0.0,0.0009684630050006039
0.0,0.0009667428845004961
0.0,0.0009663533312500019
0.0,0.0009663506612500883
0.0,0.0009649238512498996
0.0,0.0009647375084999947
0.0,0.0009643606242499944
0.0,0.0009617295522497946
0.0,0.0009611884129997983
0.0,0.0009610724520002756
0.0,0.0009599917000002694
0.0,0.0009593739040000481
0.0,0.0009570215724998657
0.0,0.0009569986659998124
0.0,0.000956915769249842
0.0,0.000956382181000216
0.0,0.000956349704500008
0.0,0.0009561709952500661
0.0,0.0009557021045000222
0.0,0.0009547714250000602
0.0,0.000954677086249751
0.0,0.0009534361000000736
0.0,0.0009523219879998287
0.0,0.0009521247512500976
0.0,0.0009504675122499383
0.0,0.0009497810719998044
0.0,0.0009496849112500235
0.0,0.0009495803524997323
0.0,0.0009486231244999876
0.0,0.0009471301562500962
0.0,0.0009463988772498919
0.0,0.0009463435585000857
0.0,0.0009463006502501819
0.0,0.0009455446512500814
0.0,0.0009454813330001579
0.0,0.0009446990764997061
0.0,0.0009435201249991696
0.0,0.0009433782722498697
0.0,0.0009433175602500965
0.0,0.0009426904249998046
0.0,0.0009426224725001069
0.0,0.0009419524602503779
0.0,0.0009419387242499496
0.0,0.0009408817062496039
0.0,0.0009399246872500316
0.0,0.0009376083964999695
0.0,0.0009372129092496772
0.0,0.0009371420505001027
0.0,0.0009370202112500694
0.0,0.0009363892524995416
0.0,0.0009363563105001065
0.0,0.000935671128250232
0.0,0.0009341517249998731
0.0,0.0009339178902496423
0.0,0.0009333568652507849
0.0,0.0009332311719998496
0.0,0.0009318481332502406
0.0,0.000930108999999651
0.0,0.0009298468820000891
0.0,0.0009296268402502508
0.0,0.0009295154212500368
0.0,0.0009287041264999232
0.0,0.0009286251249998382
0.0,0.0009261386372499584
0.0,0.0009256887250004953
0.0,0.0009253922885000995
0.0,0.0009252201125001895
0.0,0.0009245830499992444
0.0,0.0009241456999999813
0.0,0.0009237874969996975
0.0,0.0009235354902500106
0.0,0.0009216914184993108
0.0,0.0009210447139999878
0.0,0.0009209950562502415
0.0,0.0009209425682487334
0.0,0.0009209003382500297
0.0,0.0009202854049999599
0.0,0.0009197378952500964
0.0,0.0009193067329998216
0.0,0.0009187647249999949
0.0,0.0009182003085000972
0.0,0.0009160824249999892
0.0,0.0009159391382503642
0.0,0.0009159284930000714
0.0,0.0009157381442500317
0.0,0.0009157027324999557
0.0,0.0009153364250000266
0.0,0.0009150194170001563
0.0,0.000914551848249829
0.0,0.0009124868492500762
0.0,0.0009119205625004176
0.0,0.000909944042499886
0.0,0.0009092115022501092
0.0,0.0009090450204998394
0.0,0.0009086773302507151
0.0,0.0009078786000001821
0.0,0.0009074247912502198
0.0,0.000906944586250128
0.0,0.0009064127912499219
0.0,0.000905461558250089
0.0,0.0009048422500000598
0.0,0.0009048244112504011
0.0,0.0009039572352502663
0.0,0.0009037654929998795
0.0,0.0009029109152500945
0.0,0.0009028029802500191
0.0,0.0009015694362499919
0.0,0.0009009034180000913
0.0,0.0009000431762491894
0.0,0.0008996204889997083
0.0,0.0008995794249993127
0.0,0.000898588825000019
0.0,0.0008983549800001027
0.0,0.0008979457622503141
0.0,0.0008974621000000315
0.0,0.0008971556142498869
0.0,0.0008928777442501608
0.0,0.0008926159939997441
0.0,0.0008918163279999421
0.0,0.0008917434499999782
0.0,0.0008905165699999844
0.0,0.0008890119202500704
0.0,0.0008886114249998912
0.0,0.0008877949862499295
0.0,0.0008877004722499253
0.0,0.0008858280192499317
0.0,0.0008851046525000712
0.0,0.0008849336522499991
0.0,0.0008837285202500065
0.0,0.0008818996499999019
0.0,0.0008807101849998033
0.0,0.0008806033872504475
0.0,0.0008778692592494908
0.0,0.0008778552249995618
0.0,0.0008769621639999923
0.0,0.0008768394000002274
0.0,0.0008766716664999527
0.0,0.0008766706324999079
0.0,0.0008752692512499032
0.0,0.0008750679484999194
0.0,0.0008748977512503372
0.0,0.000874549301000209
0.0,0.0008728946582499718
0.0,0.0008714326182500073
0.0,0.0008713328162498358
0.0,0.0008711337050002356
0.0,0.0008710986490001875
0.0,0.0008710060840001041
0.0,0.0008700222062501025
0.0,0.0008698582732506718
0.0,0.000869768999999477
0.0,0.0008696559364998586
0.0,0.0008693914772499409
0.0,0.0008693820022499378
0.0,0.0008689524962500592
0.0,0.0008681776172500278
0.0,0.0008680332740000369
0.0,0.0008678562642504015
0.0,0.0008672854622500046
0.0,0.0008660963732498373
0.0,0.0008660177372495999
0.0,0.0008658502412499483
0.0,0.0008655667605001776
0.0,0.0008654806250000108
0.0,0.0008652001939996785
0.0,0.0008649146609995299
0.0,0.0008648240612497452
0.0,0.0008642737782499834
0.0,0.0008635588632496587
0.0,0.000863264803999912
0.0,0.0008629899165002335
0.0,0.0008625671649997453
0.0,0.0008609485962498759
0.0,0.0008607528425001935
0.0,0.0008606127802498745
0.0,0.0008600088249998558
0.0,0.0008592498102500436
0.0,0.0008586137722498619
0.0,0.0008579393045001942
0.0,0.0008574670970001929
0.0,0.000857378537000175
0.0,0.0008572237472500842
0.0,0.0008570893370000288
0.0,0.0008561914250001488
0.0,0.0008549849652500135
0.0,0.0008543984692500997
0.0,0.0008543328512504141
0.0,0.000854296148000195
0.0,0.0008541578119999386
0.0,0.0008529945264999558
0.0,0.0008527482500002289
0.0,0.0008523560585001554
0.0,0.0008523327962500354
0.0,0.000852034984999952
0.0,0.0008518375759992106
0.0,0.0008517842560000447
0.0,0.0008513552050001944
0.0,0.0008507655632499082
0.0,0.0008502229000003892
0.0,0.0008497492000003546
0.0,0.0008483895405000906
0.0,0.0008482549885000344
0.0,0.0008475899449997702
0.0,0.0008473663250001373
0.0,0.0008453511005000959
0.0,0.0008451381282500978
0.0,0.0008451046524997159
0.0,0.0008450713002500489
0.0,0.0008450278562499343
0.0,0.0008437317200002615
0.0,0.0008436618072501386
0.0,0.0008435154020000238
0.0,0.0008432109012498266
0.0,0.0008428844360000916
0.0,0.0008421848922501581
0.0,0.0008421109692500239
0.0,0.0008420943582500711
0.0,0.0008418287112498078
0.0,0.000841724762000063
0.0,0.00084162388049976
0.0,0.000840798499999889
0.0,0.0008407673299999898
0.0,0.0008406069624993962
0.0,0.0008401477842500489
0.0,0.0008399767112498226
0.0,0.0008390948164999955
0.0,0.0008386969999997994
0.0,0.0008378376500000877
0.0,0.0008373385824998454
0.0,0.0008373382262499513
0.0,0.0008372782562502515
0.0,0.0008371833612499878
0.0,0.0008371648212499689
0.0,0.0008350836012501195
0.0,0.0008345161622499097
0.0,0.0008339367205001064
0.0,0.0008339241082500369
0.0,0.0008324631400001354
0.0,0.0008314447062498914
0.0,0.0008312102112499988
0.0,0.0008309407692499078
0.0,0.0008309102330000785
0.0,0.0008297763289999518
0.0,0.000829491398499534
0.0,0.0008294398902501367
0.0,0.0008291462499999975
0.0,0.0008286207145001994
0.0,0.0008279365000000384
0.0,0.0008279259602500123
0.0,0.0008276827599998217
0.0,0.0008275423622500025
0.0,0.0008270788044998454
0.0,0.0008268716902500011
0.0,0.0008264764999998226
0.0,0.0008264413539999243
0.0,0.0008253702130002772
0.0,0.0008235519312499969
0.0,0.0008231209539999908
0.0,0.0008229612272499799
0.0,0.000822102907250152
0.0,0.0008198451879999472
0.0,0.0008198016965001166
0.0,0.0008174616125000032
0.0,0.0008171730062501523
0.0,0.0008158694690000774
0.0,0.0008157336482499157
0.0,0.0008155685852495442
0.0,0.0008153461062498709
0.0,0.0008144894822492829
0.0,0.0008140264249999712
0.0,0.0008139064519998552
0.0,0.0008123837844997403
0.0,0.0008111576500002253
0.0,0.0008110599564998778
0.0,0.0008097889159994314
0.0,0.0008090097792499352
0.0,0.0008086999832499591
0.0,0.0008086646499995993
0.0,0.0008084328500000074
0.0,0.00080800951850001
0.0,0.0008062953609999639
0.0,0.0008057244609998991
0.0,0.0008055381490000325
0.0,0.0008054269062506773
0.0,0.0008051812849999764
0.0,0.000804659850000634
0.0,0.0008046564252499214
0.0,0.0008043970022500913
0.0,0.000803832885250292
0.0,0.0008033703144999879
0.0,0.0008026228772500418
0.0,0.0008014004732502239
0.0,0.0008011590845001251
0.0,0.0007993976605000295
0.0,0.00079854124999997
0.0,0.0007976390889998854
0.0,0.0007968355362500632
0.0,0.0007967453432499748
0.0,0.0007966889650000287
0.0,0.0007966267502499816
0.0,0.0007956693000002418
0.0,0.0007952501345000142
0.0,0.0007939910712500685
0.0,0.0007932449764999475
0.0,0.0007915792399998717
0.0,0.0007910619345002493
0.0,0.0007910473249998333
0.0,0.0007906252500003202
0.0,0.0007905877582502006
0.0,0.0007903054944998658
0.0,0.0007897619672500197
0.0,0.000788663781249891
0.0,0.0007885174600000055
0.0,0.0007866332224998469
0.0,0.0007854355044998452
0.0,0.0007853466182499162
0.0,0.0007848935852499485
0.0,0.0007843384530007384
0.0,0.0007835839624998643
0.0,0.0007832992499997801
0.0,0.0007828883170000417
0.0,0.0007826150250000413
0.0,0.0007824630512498656
0.0,0.000782319054249971
0.0,0.0007822039862499649
0.0,0.0007820132500001979
0.0,0.0007816668650001517
0.0,0.0007812329042504644
0.0,0.0007810733992504003
0.0,0.0007810729600002164
0.0,0.0007809469200001835
0.0,0.0007794726182502184
0.0,0.0007790250622500458
0.0,0.0007787765164998036
0.0,0.000777817786250047
0.0,0.000776841786250113
0.0,0.0007764664602500553
0.0,0.0007762722499997562
0.0,0.0007759952740001337
0.0,0.0007753923999999902
0.0,0.0007751753232500602
0.0,0.0007749126325000391
0.0,0.0007739645809998726
0.0,0.0007733072884999434
0.0,0.0007730117712504697
0.0,0.0007724749872498528
0.0,0.0007719424885001442
0.0,0.000771899236250176
0.0,0.0007717076772498755
0.0,0.0007713359844998496
0.0,0.0007708678142497771
0.0,0.0007697316519995191
0.0,0.0007694263172496579
0.0,0.0007688145364998069
0.0,0.000768398582499555
0.0,0.0007681292825001552
0.0,0.0007676573000002134
0.0,0.0007674361825000392
0.0,0.0007667440039999992
0.0,0.0007656420622499616
0.0,0.0007647160490001813
0.0,0.0007642750329998104
0.0,0.0007642701512503034
0.0,0.0007636498404999382
0.0,0.0007634874812500402
0.0,0.0007622571812494292
0.0,0.0007619433682501868
0.0,0.0007611739402500967
0.0,0.0007607549912500357
0.0,0.0007602210500003352
0.0,0.0007590324849998972
0.0,0.000758385729250598
0.0,0.0007574578465001816
0.0,0.0007570486562500997
0.0,0.0007565851249999297
0.0,0.0007563018492502332
0.0,0.000755376106250021
0.0,0.0007549797572499592
0.0,0.0007546711542502464
0.0,0.0007545563165000344
0.0,0.0007536981249999126
0.0,0.0007521581992502312
0.0,0.0007519501624998685
0.0,0.0007515984824998741
0.0,0.000751522089249846
0.0,0.0007514149625000214
0.0,0.0007501898124998964
0.0,0.0007501105024999833
0.0,0.0007495173849999295
0.0,0.0007486069162500268
0.0,0.0007483666900000463
0.0,0.0007482872345006143
0.0,0.0007479340572501714
0.0,0.0007479153922506804
0.0,0.0007478119625000644
0.0,0.0007465690025001149
0.0,0.0007463298162499665
0.0,0.0007446948402498524
0.0,0.0007446180650000831
0.0,0.0007442386712499627
0.0,0.0007438297502499285
0.0,0.0007435732072493967
0.0,0.0007431946000001422
0.0,0.0007431127250000435
0.0,0.0007426382152512544
0.0,0.0007418757982500444
0.0,0.0007410465432505556
0.0,0.0007400877052497741
0.0,0.0007400665009993922
0.0,0.0007396167785000002
0.0,0.0007395975880000942
0.0,0.0007393733299999913
0.0,0.0007391361242500796
0.0,0.0007387224744998782
0.0,0.000738258517249947
0.0,0.0007371390324992034
0.0,0.0007369408225000079
0.0,0.0007369271042499872
0.0,0.0007359163032499513
0.0,0.0007345296609998957
0.0,0.000734108125000047
0.0,0.0007326356649996774
0.0,0.0007315281672500136
0.0,0.0007307234650000487
0.0,0.0007291738782501196
0.0,0.0007291721224998513
0.0,0.0007288786505001024
0.0,0.0007288112852506548
0.0,0.0007283408132497766
0.0,0.0007282411449999881
0.0,0.0007280942852499058
0.0,0.0007280121444990593
0.0,0.000727677840500134
0.0,0.000726717165249378
0.0,0.0007266400520000561
0.0,0.0007264243999996878
0.0,0.0007255443262501041
0.0,0.0007242937689993924
0.0,0.000723545530000113
0.0,0.0007229244372499147
0.0,0.0007225854862497442
0.0,0.00072253839999986
0.0,0.0007221843250004936
0.0,0.0007220287982505093
0.0,0.0007219307364998335
0.0,0.0007216052605001307
0.0,0.0007211514250006698
0.0,0.0007205200562500391
0.0,0.0007199490125001711
0.0,0.00071970822650029
0.0,0.0007195363632501587
0.0,0.0007193683570000035
0.0,0.0007191850172499572
0.0,0.0007186343802501425
0.0,0.0007186003712503383
0.0,0.0007182942612505204
0.0,0.0007180637000003684
0.0,0.0007175651124994244
0.0,0.000717441325000143
0.0,0.0007169162500000346
0.0,0.0007164116862499166
0.0,0.0007162515400000736
0.0,0.0007152829712504412
0.0,0.0007150325712499579
0.0,0.000714618254500329
0.0,0.0007141382500001413
0.0,0.0007138851250001494
0.0,0.0007136026599994439
0.0,0.0007134301600002241
0.0,0.0007131577452498855
0.0,0.0007131491192502578
0.0,0.0007130007249997244
0.0,0.0007129475322495687
0.0,0.0007125544922499725
0.0,0.0007117326582498655
0.0,0.0007116634464996206
0.0,0.000711478396250057
0.0,0.0007109892445003385
0.0,0.0007107612500002008
0.0,0.000709472705000018
0.0,0.0007090151225000446
0.0,0.0007089876572498623
0.0,0.0007087798092501981
0.0,0.0007087684849995253
0.0,0.0007086447145000742
0.0,0.00070847443524968
0.0,0.0007077812404999983
0.0,0.0007068572180002583
0.0,0.0007064506284998697
0.0,0.0007039871082498829
0.0,0.0007039296702500334
0.0,0.0007034383924998749
0.0,0.0007026478512492729
0.0,0.0007025408312499319
0.0,0.0007022149129999497
0.0,0.0007022092252500613
0.0,0.0007014281012507259
0.0,0.0007009078412498438
0.0,0.0007002613212499988
0.0,0.0007002561924998338
0.0,0.0006995454624995577
0.0,0.000699308914249727
0.0,0.0006990936840000118
0.0,0.0006983471462499308
0.0,0.000698171701250021
0.0,0.0006981028099998952
0.0,0.0006980989129999746
0.0,0.0006980477202500708
0.0,0.0006973304672499218
0.0,0.0006971462260000772
0.0,0.0006965325962498906
0.0,0.0006956354000000118
0.0,0.0006955422500000877
0.0,0.0006952315322500256
0.0,0.0006951827424993671
0.0,0.0006951624722501216
0.0,0.0006948324452501898
0.0,0.0006946760969998585
0.0,0.0006945532444996914
0.0,0.000694196922250112
0.0,0.0006935553364993777
0.0,0.0006934714392499547
0.0,0.0006932014062500777
0.0,0.0006930510624998155
0.0,0.0006927901562502272
0.0,0.0006925516852502457
0.0,0.0006916849322502301
0.0,0.000691148199999554
0.0,0.0006910816782505747
0.0,0.0006909473582499987
0.0,0.0006908456125000056
0.0,0.0006906565000001954
0.0,0.0006906349250000338
0.0,0.0006904628704995339
0.0,0.0006896960312501356
0.0,0.0006891963762503423
0.0,0.0006888284762496591
0.0,0.0006887439162499782
0.0,0.0006886975249999808
0.0,0.0006886708442500028
0.0,0.0006883005082496754
0.0,0.0006881326562500679
0.0,0.0006877667412499857
0.0,0.0006877570062502851
0.0,0.0006875838762505436
0.0,0.0006869305105002422
0.0,0.00068591001425049
0.0,0.0006858604924999587
0.0,0.0006858316250001331
0.0,0.0006857348425000917
0.0,0.0006855465464997721
0.0,0.0006854955312501289
0.0,0.0006854511050000015
0.0,0.0006848491742501126
0.0,0.0006844853210000335
0.0,0.0006843418482498667
0.0,0.0006833596099999114
0.0,0.0006833557382501046
0.0,0.0006833073050004466
0.0,0.000683041951249994
0.0,0.0006824837000001799
0.0,0.0006823614785001283
0.0,0.0006821002862499771
0.0,0.0006808003700000953
0.0,0.0006806521052507982
0.0,0.0006800254419998015
0.0,0.0006797339262499698
0.0,0.0006794936012500775
0.0,0.0006792434882496191
0.0,0.0006792053464998444
0.0,0.0006789945064998921
0.0,0.0006786938825001025
0.0,0.0006785450412499648
0.0,0.000677513428000401
0.0,0.00067722334824992
0.0,0.0006771220092500708
0.0,0.0006770305782500437
0.0,0.0006769290912501467
0.0,0.0006764254412500506
0.0,0.000676234292500625
0.0,0.0006762214352498818
0.0,0.0006753332885008779
0.0,0.0006752833000001645
0.0,0.0006752141592498671
0.0,0.0006743505969994646
0.0,0.000673405942499597
0.0,0.0006730611624997672
0.0,0.0006727451862499555
0.0,0.0006717277732501382
0.0,0.0006716670979999223
0.0,0.0006708752999999488
0.0,0.0006707501644997243
0.0,0.0006705646785000055
0.0,0.0006705526392499887
0.0,0.0006703941672495967
0.0,0.0006700193212500831
0.0,0.0006698165082500425
0.0,0.0006696916002495697
0.0,0.0006691799562501308
0.0,0.0006689869625002014
0.0,0.0006679983312489343
0.0,0.0006679251222496874
0.0,0.0006676888362496562
0.0,0.0006676700444999815
0.0,0.0006676599304996803
0.0,0.0006673533332498748
0.0,0.000667156520249229
0.0,0.000667074531250422
0.0,0.0006669548285005807
0.0,0.0006668710112492977
0.0,0.0006665066582500761
0.0,0.0006656370862500687
0.0,0.0006653070064999518
0.0,0.0006644384462499952
0.0,0.0006643692092495759
0.0,0.0006638402425001143
0.0,0.0006637816225001011
0.0,0.0006636504852498854
0.0,0.0006632905722493812
0.0,0.0006623726432502372
0.0,0.0006619122249999006
0.0,0.0006618788392499756
0.0,0.0006612358249997341
0.0,0.0006607499765000518
0.0,0.0006603515225000419
0.0,0.0006596443569999431
0.0,0.0006594033782501756
0.0,0.0006592986212501542
0.0,0.000658944001250031
0.0,0.0006588474424999982
0.0,0.0006584866562498513
0.0,0.0006580239402499662
0.0,0.0006571322392499914
0.0,0.0006563438742498691
0.0,0.0006550081292500333
0.0,0.000654674984499399
0.0,0.0006546101850002143
0.0,0.0006545634565003776
0.0,0.0006545462462497467
0.0,0.0006545287324998537
0.0,0.000653716825250173
0.0,0.0006531374772501707
0.0,0.0006529628500000022
0.0,0.0006524310532499234
0.0,0.0006519495462500544
0.0,0.0006516675062499881
0.0,0.0006513651089999574
0.0,0.0006511780002495099
0.0,0.0006508335249999262
0.0,0.0006501908125002853
0.0,0.0006501253142501937
0.0,0.0006499430672499896
0.0,0.0006496663962494761
0.0,0.0006496231249998223
0.0,0.0006486276942504056
0.0,0.0006475385862499492
0.0,0.0006471424164998629
0.0,0.00064704484100018
0.0,0.0006466967862494542
0.0,0.0006465561249999527
0.0,0.000645735133000617
0.0,0.000643125625000065
0.0,0.0006431037902499171
0.0,0.0006423085000000388
0.0,0.0006421690322501144
0.0,0.0006419914562489893
0.0,0.0006416250392499082
0.0,0.0006415931645000161
0.0,0.0006409294400001866
0.0,0.0006407087245000093
0.0,0.0006400231105000406
0.0,0.0006395484362498162
0.0,0.0006392515144998776
0.0,0.0006386102004999576
0.0,0.0006358987700001342
0.0,0.0006353636360003373
0.0,0.0006352131265000087
0.0,0.00063500447300003
0.0,0.0006348405925000767
0.0,0.0006346567805000218
0.0,0.0006345755599997801
0.0,0.0006345658392498256
0.0,0.0006342660742502544
0.0,0.0006341757212500489
0.0,0.0006330810249999528
0.0,0.0006326633305000586
0.0,0.0006324750902501738
0.0,0.0006316358605002303
0.0,0.0006315191122500167
0.0,0.0006313249010000106
0.0,0.0006310069862500645
0.0,0.000630850625000222
0.0,0.0006308038272498355
0.0,0.0006298695702499589
0.0,0.0006296028850001172
0.0,0.0006294671112500568
0.0,0.0006294338712500523
0.0,0.0006291772840002329
0.0,0.0006291431199999488
0.0,0.0006288451405000611
0.0,0.0006284117319997263
0.0,0.0006283020612497916
0.0,0.0006276418490000201
0.0,0.0006275490250002012
0.0,0.0006270166712499416
0.0,0.0006264384249999191
0.0,0.00062615821049997
0.0,0.0006258701712500304
0.0,0.0006257354252499883
0.0,0.0006256493682499915
0.0,0.0006252253712499634
0.0,0.0006249581289999182
0.0,0.0006246893605000086
0.0,0.0006244948370000907
0.0,0.0006242653982500553
0.0,0.0006238226824999702
0.0,0.0006228748532497354
0.0,0.0006226810084993745
0.0,0.0006223649402499787
0.0,0.0006216361885000004
0.0,0.0006215858500000577
0.0,0.0006213519422505173
0.0,0.0006209211212497455
0.0,0.0006208125392498231
0.0,0.0006199370142500577
0.0,0.0006197244452500436
0.0,0.0006194351249998447
0.0,0.0006193993325000235
0.0,0.0006193302462501747
0.0,0.0006188286762502203
0.0,0.0006182599362499806
0.0,0.0006176237764999713
0.0,0.0006176162499997471
0.0,0.0006173692204999251
0.0,0.0006170950684999468
0.0,0.0006170896202500508
0.0,0.0006170632000002598
0.0,0.0006166362372497649
0.0,0.000616358020000763
0.0,0.000615508827249779
0.0,0.0006154510250000957
0.0,0.000615151440500253
0.0,0.0006150169642500149
0.0,0.0006146050249999475
0.0,0.0006143019250006318
0.0,0.0006141150250000177
0.0,0.0006140640249999912
0.0,0.0006136170265001379
0.0,0.0006134388392499775
0.0,0.000613352552000053
0.0,0.0006116576499998914
0.0,0.000611245846249951
0.0,0.0006111009512500647
0.0,0.0006109659890002274
0.0,0.0006109000402503111
0.0,0.0006090053649999529
0.0,0.0006084784079999584
0.0,0.0006080934402501008
0.0,0.0006075787250002932
0.0,0.0006071155850000194
0.0,0.0006069560290001637
0.0,0.0006069087769999344
0.0,0.000606164793250024
0.0,0.0006055525742501727
0.0,0.0006054931262498174
0.0,0.0006053839272499863
0.0,0.0006048697850001541
0.0,0.0006044503104999418
0.0,0.0006042322862499308
0.0,0.000604108969000102
0.0,0.0006037084249999527
0.0,0.0006029395999998078
0.0,0.0006029026645000659
0.0,0.0006028568125001234
0.0,0.0006026964499998216
0.0,0.0006025809812498556
0.0,0.0006023853130001848
0.0,0.0006023121972501025
0.0,0.0006022006570000791
0.0,0.0006018109852493152
0.0,0.0006017794022499271
0.0,0.0006015905382499749
0.0,0.0006012941822499177
0.0,0.0006012149372499673
0.0,0.0006012039400000612
0.0,0.0006007811450000071
0.0,0.0006005297472498205
0.0,0.0006002691582500212
0.0,0.0006000566500006788
0.0,0.0006000049532499061
0.0,0.0005998944999998539
0.0,0.0005996921605000176
0.0,0.0005993548739998572
0.0,0.0005992891249999788
0.0,0.0005987372522500562
0.0,0.0005985383532501316
0.0,0.000598006924249923
0.0,0.0005973149432499557
0.0,0.0005972149300000299
0.0,0.0005961994660000599
0.0,0.0005960114689999572
0.0,0.0005958230125000206
0.0,0.0005957684662501176
0.0,0.0005957265812500994
0.0,0.0005956708392499736
0.0,0.0005951348682499546
0.0,0.000594806740250087
0.0,0.0005945512250001881
0.0,0.0005940214085002659
0.0,0.000593882944000073
0.0,0.0005935876579999224
0.0,0.0005933292412494018
0.0,0.0005932357849999029
0.0,0.0005932222690000249
0.0,0.0005930969464999537
0.0,0.0005928286100000551
0.0,0.0005928259712500411
0.0,0.0005927325612505852
0.0,0.0005916434045002135
0.0,0.0005915880000000741
0.0,0.000591260799999874
0.0,0.0005900687999998312
0.0,0.000590010812499929
0.0,0.0005899713969994612
0.0,0.0005894010124997569
0.0,0.0005890109000000215
0.0,0.0005887491249999643
0.0,0.0005879375999999464
0.0,0.0005877903289998039
0.0,0.0005877553002500235
0.0,0.0005873025769999317
0.0,0.0005863152824998536
0.0,0.0005862229262499552
0.0,0.0005857903689996211
0.0,0.0005853529242501045
0.0,0.0005851373352498859
0.0,0.0005849760824996177
0.0,0.0005847670479999425
0.0,0.0005843298012499366
0.0,0.0005842978599997501
0.0,0.0005842587249999815
0.0,0.0005841757692502883
0.0,0.0005840615560000476
0.0,0.0005835764682499966
0.0,0.0005834129300003644
0.0,0.0005828559804999696
0.0,0.0005827447802501341
0.0,0.0005825754249994881
0.0,0.0005819543560004652
0.0,0.0005813535249999345
0.0,0.0005806779250001691
0.0,0.0005806612272503313
0.0,0.0005804613250000524
0.0,0.0005801142962498037
0.0,0.000579932148499783
0.0,0.0005799216365001262
0.0,0.0005796314569999841
0.0,0.0005794108662500212
0.0,0.0005790929522500153
0.0,0.0005790507092496334
0.0,0.0005788728249999544
0.0,0.0005787689000000948
0.0,0.0005787412945002359
0.0,0.0005779424079998884
0.0,0.000577918379250045
0.0,0.0005777122812496785
0.0,0.0005776839012498535
0.0,0.0005767343162500938
0.0,0.0005765825000000433
0.0,0.0005764601142500138
0.0,0.0005758321385000325
0.0,0.0005758068372500898
0.0,0.0005755853050003301
0.0,0.0005750109409999791
0.0,0.0005743482979999651
0.0,0.0005740559892499691
0.0,0.0005740102062502662
0.0,0.0005740100964999184
0.0,0.0005738602382499897
0.0,0.0005738447529998183
0.0,0.0005736829812500885
0.0,0.0005735347052499855
0.0,0.0005730413409999117
0.0,0.000572482627999891
0.0,0.0005723593624999705
0.0,0.0005722922499998714
0.0,0.0005721170905000182
0.0,0.0005716417884998692
0.0,0.0005713187649998923
0.0,0.0005711738832500023
0.0,0.0005708217249996777
0.0,0.0005707478499999198
0.0,0.0005707407249999698
0.0,0.0005705673124999791
0.0,0.0005698131272502786
0.0,0.000569765760499926
0.0,0.0005693892969998329
0.0,0.000569242000000015
0.0,0.0005689976500000899
0.0,0.0005687519824999711
0.0,0.0005685192912500137
0.0,0.0005683102924998842
0.0,0.0005682863250000213
0.0,0.000568239876499998
0.0,0.0005677849124999692
0.0,0.000567591139250255
0.0,0.000567162499999739
0.0,0.0005665598292500711
0.0,0.0005663264499999527
0.0,0.0005660815879999679
0.0,0.0005654583212499537
0.0,0.000565008795249154
0.0,0.0005645962250006158
0.0,0.000563988750249974
0.0,0.0005636799732499437
0.0,0.0005632929902501555
0.0,0.0005631555779998911
0.0,0.0005629389805001871
0.0,0.0005619758782499922
0.0,0.0005612188584998317
0.0,0.0005611571952500089
0.0,0.0005604353890001932
0.0,0.0005599430142499756
0.0,0.0005599339025000379
0.0,0.0005598443824999315
0.0,0.000559004104249971
0.0,0.0005587841922501486
0.0,0.0005579806624998113
0.0,0.0005570903125002252
0.0,0.0005568648572500189
0.0,0.0005563662812503377
0.0,0.0005562937249999416
0.0,0.0005560785162501925
0.0,0.0005559647809999292
0.0,0.000555643689250377
0.0,0.0005550717662501634
0.0,0.0005545949480003781
0.0,0.0005543818532501757
0.0,0.0005541546872506907
0.0,0.0005538337444999672
0.0,0.0005538003752496431
0.0,0.0005533845619999923
0.0,0.0005531607849998788
0.0,0.0005527188564999311
0.0,0.0005526055732497099
0.0,0.0005517635569999617
0.0,0.00055082763125024
0.0,0.0005505392250000011
0.0,0.0005503389302499101
0.0,0.0005502913999997322
0.0,0.0005502874250000456
0.0,0.0005502202625001817
0.0,0.0005497008784997768
0.0,0.0005489156112498669
0.0,0.0005488990602499947
0.0,0.0005488056962497721
0.0,0.0005487412412499453
0.0,0.0005486324232499677
0.0,0.000548389071250198
0.0,0.0005480039304998851
0.0,0.0005474893385003948
0.0,0.0005473469000000428
0.0,0.0005465617632503584
0.0,0.0005460016212499874
0.0,0.0005459155302503652
0.0,0.0005454509839999042
0.0,0.0005451831012501109
0.0,0.0005446135932499594
0.0,0.0005445852624995143
0.0,0.0005445792092500616
0.0,0.0005443868544999879
0.0,0.0005441840170001327
0.0,0.0005432734419995903
0.0,0.0005427715690000294
0.0,0.0005426655624999832
0.0,0.0005424515720002104
0.0,0.0005420245970002072
0.0,0.0005419733450001053
0.0,0.0005418305262498962
0.0,0.0005416581162502483
0.0,0.0005415311304999965
0.0,0.0005409425924998996
0.0,0.0005407672422504256
0.0,0.0005406037852504914
0.0,0.0005404748849999936
0.0,0.0005399970942499978
0.0,0.0005399082812498205
0.0,0.0005396969824999102
0.0,0.000539693713000078
0.0,0.0005396613522499076
0.0,0.0005394201482500241
0.0,0.0005392542892499817
0.0,0.000539098924999686
0.0,0.0005384658602495087
0.0,0.0005384370342497647
0.0,0.0005380823239998476
0.0,0.0005379614885000178
0.0,0.0005377080264996922
0.0,0.0005373986402499949
0.0,0.0005369683712500742
0.0,0.0005369491825000375
0.0,0.0005368594904999952
0.0,0.0005366176250002722
0.0,0.000535777986249924
0.0,0.0005353126812505827
0.0,0.0005352988500000857
0.0,0.0005349436899999903
0.0,0.0005349332500000595
0.0,0.0005348761600000226
0.0,0.0005347246842499767
0.0,0.0005347078032501744
0.0,0.0005345537000000172
0.0,0.0005345372232499363
0.0,0.0005340821300000029
0.0,0.0005334945102500669
0.0,0.0005330679785000187
0.0,0.0005329883224995913
0.0,0.0005329066952499122
0.0,0.0005326783929999676
0.0,0.0005319110185000271
0.0,0.0005318902689994809
0.0,0.0005318157392498434
0.0,0.000531621855249922
0.0,0.000531111249999725
0.0,0.0005308645644999675
0.0,0.0005306473250000104
0.0,0.0005301206562499417
0.0,0.0005299116099999897
0.0,0.0005298832462499037
0.0,0.0005298139305001505
0.0,0.0005294443182501909
0.0,0.0005290738009999942
0.0,0.0005288347822496344
0.0,0.0005287231239999756
0.0,0.0005285092640000095
0.0,0.0005282170172497696
0.0,0.0005279630742501102
0.0,0.0005278580592500972
0.0,0.0005276746000000491
0.0,0.0005272578462501801
0.0,0.0005271843245000338
0.0,0.000527125185250524
0.0,0.0005269875209995656
0.0,0.000526696508499781
0.0,0.0005266267164999818
0.0,0.0005264830089999712
0.0,0.0005263870489999781
0.0,0.0005260256720001381
0.0,0.0005259259505000871
0.0,0.000525686742500145
0.0,0.0005256006782498324
0.0,0.0005255361850000644
0.0,0.0005253396249996361
0.0,0.0005250815712498472
0.0,0.0005249307062500819
0.0,0.0005249091542499443
0.0,0.0005248665684999126
0.0,0.0005247515092500086
0.0,0.0005245723232502873
0.0,0.0005238795304998542
0.0,0.0005238780602499187
0.0,0.0005235565162498071
0.0,0.0005227539999998224
0.0,0.0005223043802498211
0.0,0.0005214538412502223
0.0,0.0005200662452499749
0.0,0.0005200494242499163
0.0,0.0005197804592500363
0.0,0.0005193118732500584
0.0,0.0005192008344999981
0.0,0.000519179352500149
0.0,0.0005190781699999532
0.0,0.0005189993000001837
0.0,0.0005188303822500075
0.0,0.000518823626499843
0.0,0.0005187731112500482
0.0,0.0005186581920001666
0.0,0.0005180885702500676
0.0,0.0005177747072493077
0.0,0.0005175074425000177
0.0,0.0005171540402500308
0.0,0.0005169339762500073
0.0,0.000516256448499876
0.0,0.000515879794250141
0.0,0.0005157806782489535
0.0,0.000515656516250257
0.0,0.0005148237582501395
0.0,0.00051434230625018
0.0,0.0005140717932501878
0.0,0.000514071399999609
0.0,0.0005137197612501359
0.0,0.000513635525000273
0.0,0.0005131272500002885
0.0,0.0005130427842500044
0.0,0.0005128606742503734
0.0,0.0005124103842500565
0.0,0.000512324418499732
0.0,0.0005121878725002268
0.0,0.0005112067722499065
0.0,0.0005110822249999479
0.0,0.0005107541132496694
0.0,0.0005107469285001194
0.0,0.0005106122500000815
0.0,0.000510508384250017
0.0,0.0005104798582500707
0.0,0.0005103844832500809
0.0,0.0005103091422501492
0.0,0.0005102013800000521
0.0,0.0005100240904997947
0.0,0.0005100206192498811
0.0,0.0005097512742502738
0.0,0.0005092333249998959
0.0,0.0005092187232495253
0.0,0.0005091441692500385
0.0,0.000509020886249996
0.0,0.0005088959312499535
0.0,0.0005087566250000851
0.0,0.0005085304249997863
0.0,0.0005080861304990653
0.0,0.0005079650810002035
0.0,0.0005079383930001378
0.0,0.0005074212512499848
0.0,0.0005071702809998895
0.0,0.0005066294972501132
0.0,0.0005064517000000324
0.0,0.0005064187272496128
0.0,0.0005057373085002763
0.0,0.000505542246250066
0.0,0.0005051697885006283
0.0,0.0005051026125000112
0.0,0.000504931544999932
0.0,0.0005048427125000244
0.0,0.0005046158832494951
0.0,0.000504606358249902
0.0,0.000504566678499806
0.0,0.0005041953250000343
0.0,0.0005037943342494054
0.0,0.0005037696049999936
0.0,0.0005033709812505994
0.0,0.0005031353042501315
0.0,0.0005030854825001188
0.0,0.0005030340444999149
0.0,0.0005028578652505806
0.0,0.0005028429132501326
0.0,0.0005013698499999197
0.0,0.0005011624704996177
0.0,0.0005010641344998587
0.0,0.0005009078410001006
0.0,0.0005008883300000393
0.0,0.0005000846382502283
0.0,0.0004996926544999659
0.0,0.0004996300404999213
0.0,0.0004996297962501664
0.0,0.0004991130912500843
0.0,0.0004988733649997487
0.0,0.0004988483305001114
0.0,0.0004986490062500698
0.0,0.0004984183862500181
0.0,0.0004983943262500038
0.0,0.0004983268712504172
0.0,0.000498312320499399
0.0,0.0004982970312502194
0.0,0.0004982947249999299
0.0,0.0004982925700006982
0.0,0.0004981243600000621
0.0,0.0004980285672501498
0.0,0.000497589613250362
0.0,0.0004970185602499928
0.0,0.00049608143325
0.0,0.0004957152009999889
0.0,0.0004955872500000528
0.0,0.0004951529649999111
0.0,0.0004950370925008286
0.0,0.0004950260412500049
0.0,0.0004949975312499072
0.0,0.0004947206465000158
0.0,0.0004947015822499935
0.0,0.000494108730000142
0.0,0.0004939538530001424
0.0,0.0004934207252504961
0.0,0.0004932409502499827
0.0,0.0004932094570001798
0.0,0.0004930852040006739
0.0,0.0004917243124998914
0.0,0.0004916777410000308
0.0,0.0004914929449999429
0.0,0.000490968096249935
0.0,0.0004909325472499511
0.0,0.0004903824999999938
0.0,0.0004901193530000291
0.0,0.0004898937170001173
0.0,0.0004896021662496938
0.0,0.0004890536499999934
0.0,0.0004890462232500621
0.0,0.0004888916000000117
0.0,0.0004884843252503026
0.0,0.0004884665964999797
0.0,0.0004877317232501181
0.0,0.00048746081050017023
0.0,0.0004874341052500163
0.0,0.00048688475725021293
0.0,0.00048568412250005855
0.0,0.00048562967924963447
0.0,0.0004852476244999463
0.0,0.0004851087882500795
0.0,0.0004850884999999484
0.0,0.0004843384250001123
0.0,0.00048398524325002156
0.0,0.0004838700250001791
0.0,0.00048356862499987496
0.0,0.00048309296650003193
0.0,0.0004824119239999685
0.0,0.00048226409999999634
0.0,0.00048219734225012035
0.0,0.00048188928650010505
0.0,0.00048182022925010424
0.0,0.00048120285625004826
0.0,0.0004810842784999498
0.0,0.00048087520925013325
0.0,0.00048080821299991653
0.0,0.00048021341625005873
0.0,0.00048011932825002806
0.0,0.00047999504124967353
0.0,0.0004796715684997687
0.0,0.00047905178224990724
0.0,0.00047856430224968037
0.0,0.0004781590762499683
0.0,0.00047798780849982853
0.0,0.0004779392072500114
0.0,0.00047773756850044127
0.0,0.0004775331812499609
0.0,0.00047661152825013357
0.0,0.00047646405624992427
0.0,0.000476366928250397
0.0,0.0004760216785000276
0.0,0.0004759377009996725
0.0,0.0004757051125000475
0.0,0.0004756524962510775
0.0,0.000475582974500207
0.0,0.0004755288302499914
0.0,0.0004752315560000117
0.0,0.0004750188062503537
0.0,0.000474614124999892
0.0,0.0004746140184999465
0.0,0.000474601045000474
0.0,0.00047459468900000907
0.0,0.0004745335302504927
0.0,0.00047432942049951726
0.0,0.0004740453249996166
0.0,0.00047401878024985126
0.0,0.0004735351080000982
0.0,0.00047339698849987126
0.0,0.00047277380000004744
0.0,0.0004726787559999686
0.0,0.0004726566782499577
0.0,0.0004725302544995836
0.0,0.00047230425024998073
0.0,0.0004715436752500165
0.0,0.00047041820500006305
0.0,0.00046967453799976985
0.0,0.0004692411302503264
0.0,0.00046921034525046837
0.0,0.0004684454120000271
0.0,0.00046834981425004576
0.0,0.0004681584625005898
0.0,0.0004680799652499966
0.0,0.0004679270485000686
0.0,0.000467856244999991
0.0,0.0004676928289998708
0.0,0.0004675995512496206
0.0,0.0004674177624999784
0.0,0.00046664128925013085
0.0,0.00046662836624987967
0.0,0.0004660254819997054
0.0,0.00046586998625049094
0.0,0.00046559735324998145
0.0,0.0004655888482503988
0.0,0.00046525033925016014
0.0,0.0004651707782499895
0.0,0.00046514576825027604
0.0,0.0004649832842500862
0.0,0.0004648770625000024
0.0,0.00046426035024965423
0.0,0.0004641180182499082
0.0,0.00046404194125041983
0.0,0.00046387980999996776
0.0,0.00046378509125012386
0.0,0.00046374909024998767
0.0,0.0004636475082504045
0.0,0.0004636288872498349
0.0,0.00046358748925000174
0.0,0.00046358389625010034
0.0,0.0004633486239999884
0.0,0.0004630355664999436
0.0,0.0004629440499994185
0.0,0.0004629065762499831
0.0,0.00046282964799990146
0.0,0.00046276791325016293
0.0,0.00046272982325012697
0.0,0.0004627066542500565
0.0,0.000462516649999802
0.0,0.00046226079999982825
0.0,0.0004619497652493883
0.0,0.0004618988432499269
0.0,0.00046160064024998654
0.0,0.00046147177024996166
0.0,0.00046139597650024256
0.0,0.00046132324224997244
0.0,0.00046112499625011445
0.0,0.00046103582500003903
0.0,0.0004608685562499617
0.0,0.00046072716724986085
0.0,0.0004604706100001534
0.0,0.0004603677530002169
0.0,0.00046016572724999645
0.0,0.00046015450000004603
0.0,0.00045975390424993044
0.0,0.00045953736025013256
0.0,0.0004590744062501365
0.0,0.0004590348745001284
0.0,0.00045849383450045873
0.0,0.00045842498000007905
0.0,0.00045823198250005204
0.0,0.00045788808124987444
0.0,0.00045740326925010626
0.0,0.00045730972324995096
0.0,0.0004567226165001221
0.0,0.0004565727282499787
0.0,0.0004557935912499699
0.0,0.0004556466292501428
0.0,0.0004550833142502275
0.0,0.0004548541319999485
0.0,0.00045473260925050964
0.0,0.0004546534205003707
0.0,0.00045460248024991354
0.0,0.0004545362462497386
0.0,0.0004544702612501216
0.0,0.0004543655665000442
0.0,0.0004543023892501086
0.0,0.0004542814712500125
0.0,0.00045400624999993256
0.0,0.00045377664799994035
0.0,0.00045374509325007354
0.0,0.00045333410624992206
0.0,0.0004532600105002463
0.0,0.0004523818690000674
0.0,0.00045151548324957706
0.0,0.00045142603524998094
0.0,0.0004509741849999626
0.0,0.00045093732100010594
0.0,0.00045089336499998863
0.0,0.00045078972250002964
0.0,0.0004505567689999628
0.0,0.00045050122525004926
0.0,0.00045031221799991567
0.0,0.0004501355560001902
0.0,0.00044995100199950053
0.0,0.0004493543802499585
0.0,0.00044908641650001044
0.0,0.0004488440499994996
0.0,0.0004487593504999713
0.0,0.0004477633940001765
0.0,0.0004474790112502838
0.0,0.0004474694732499351
0.0,0.00044723047849994953
0.0,0.0004471512124999506
0.0,0.0004469083924997136
0.0,0.00044667544999995386
0.0,0.00044652177700004825
0.0,0.00044607564125004887
0.0,0.0004455006752499232
0.0,0.00044545552024985923
0.0,0.0004450943352500039
0.0,0.0004447758125003956
0.0,0.00044449894024971574
0.0,0.00044378485000000486
0.0,0.0004437453012497955
0.0,0.0004436300612497241
0.0,0.0004433472499999313
0.0,0.00044316037824991425
0.0,0.00044222516000003414
0.0,0.000442220291999999
0.0,0.00044205388999996487
0.0,0.00044178909799990224
0.0,0.0004416521852499414
0.0,0.00044141794224994126
0.0,0.0004412821779997965
0.0,0.00044078305324993006
0.0,0.000440685785249916
0.0,0.00044050491625013434
0.0,0.0004404592980000104
0.0,0.0004399737249999599
0.0,0.00043993876524999994
0.0,0.0004398919062502516
0.0,0.0004395400824999636
0.0,0.0004392589940001337
0.0,0.0004384677619999477
0.0,0.0004379874930001003
0.0,0.00043793988624989507
0.0,0.00043791290000002214
0.0,0.0004374557319999727
0.0,0.0004373138142501874
0.0,0.0004372247352500368
0.0,0.00043721910625013795
0.0,0.00043719512825005584
0.0,0.00043703218325000454
0.0,0.0004368938000008422
0.0,0.0004367801912500311
0.0,0.00043673992624991906
0.0,0.00043659192925032367
0.0,0.00043657331124997154
0.0,0.00043652660125007464
0.0,0.0004365048925000367
0.0,0.00043618096100001263
0.0,0.00043600771850006123
0.0,0.00043576825000011274
0.0,0.0004351653632500604
0.0,0.0004349708342498855
0.0,0.0004347282182497324
0.0,0.0004342043165000031
0.0,0.0004338786962498726
0.0,0.0004336796532500341
0.0,0.00043309450124993736
0.0,0.00043296076325050607
0.0,0.00043276427449993264
0.0,0.0004320038124999802
0.0,0.0004319547722500378
0.0,0.0004317704000000041
0.0,0.0004311895782501164
0.0,0.0004311802992499011
0.0,0.00043108305049996003
0.0,0.0004308746810000887
0.0,0.00043058399424989683
0.0,0.0004303681302500694
0.0,0.00043012445450000777
0.0,0.00042964048925009363
0.0,0.00042950117125010117
0.0,0.0004293553680002865
0.0,0.0004292913250000809
0.0,0.00042917052625008353
0.0,0.00042911652500018374
0.0,0.00042869471124998314
0.0,0.0004286464204997293
0.0,0.0004286290000000153
0.0,0.0004285078564999071
0.0,0.0004283988025001582
0.0,0.00042837270049999427
0.0,0.00042813664825019996
0.0,0.0004277793289999396
0.0,0.0004274343249999874
0.0,0.0004273690105001291
0.0,0.00042734229249995865
0.0,0.0004273338289995958
0.0,0.00042719536624997447
0.0,0.00042655292499993235
0.0,0.00042642552499984646
0.0,0.000426250760000418
0.0,0.0004262311224996737
0.0,0.00042581763250004013
0.0,0.00042557091024990367
0.0,0.00042516469250001123
0.0,0.00042494162500024825
0.0,0.0004248988332499295
0.0,0.00042488174124996164
0.0,0.0004248273850002294
0.0,0.0004245611944995241
0.0,0.00042452605000009764
0.0,0.0004241466122499773
0.0,0.0004241364800000489
0.0,0.00042407139999997285
0.0,0.0004240500842499683
0.0,0.00042379254025009996
0.0,0.0004237446799994732
0.0,0.00042357975049992614
0.0,0.00042321762925026375
0.0,0.00042316640124993854
0.0,0.0004230364842499378
0.0,0.00042226531925008737
0.0,0.0004220926019996513
0.0,0.00042205853000003936
0.0,0.0004217722099999993
0.0,0.0004216513922499965
0.0,0.00042137058724990307
0.0,0.00042124039399992153
0.0,0.00042099280000011875
0.0,0.00042074717425022326
0.0,0.0004204321392500365
0.0,0.00042027142600012764
0.0,0.0004202136249999714
0.0,0.00042018870100001427
0.0,0.00042014064799984134
0.0,0.0004196514912499086
0.0,0.00041964146425003403
0.0,0.0004195443902503343
0.0,0.00041922206600005017
0.0,0.0004191653224998471
0.0,0.0004185614810000523
0.0,0.00041848857125002266
0.0,0.0004184219089999087
0.0,0.00041840943124992294
0.0,0.00041777885125003986
0.0,0.00041744816099957864
0.0,0.0004174476344998107
0.0,0.00041723426449992483
0.0,0.00041692658125027217
0.0,0.00041692166650002564
0.0,0.000416828964250206
0.0,0.0004165572500001159
0.0,0.0004165386324996544
0.0,0.00041640756800006196
0.0,0.000416172294500125
0.0,0.0004160900180000125
0.0,0.00041605054625015096
0.0,0.0004157090664995355
0.0,0.0004155392562499281
0.0,0.00041546647124987996
0.0,0.0004154413249998812
0.0,0.00041529699999976334
0.0,0.0004150028812499575
0.0,0.0004146374912499646
0.0,0.0004145794024998295
0.0,0.00041457803649999994
0.0,0.00041445209649995635
0.0,0.00041442903124948934
0.0,0.0004143297162500626
0.0,0.000414328624999958
0.0,0.00041430567650001444
0.0,0.0004142935232500063
0.0,0.0004142141742500617
0.0,0.0004141803010000465
0.0,0.0004140982592502402
0.0,0.0004139978192500457
0.0,0.00041396820100014515
0.0,0.00041384680024995175
0.0,0.0004135350920000078
0.0,0.00041332506650017844
0.0,0.0004132924930000056
0.0,0.00041323164999987154
0.0,0.0004125042000000826
0.0,0.00041237469199992553
0.0,0.0004120483089994504
0.0,0.00041203062649954373
0.0,0.00041176319649977543
0.0,0.0004116770125003852
0.0,0.0004112379972495111
0.0,0.00041117212625004277
0.0,0.00041114282900029596
0.0,0.0004107143250003677
0.0,0.00041060248200002126
0.0,0.00041030140624992765
0.0,0.0004102995264997758
0.0,0.0004102243024998591
0.0,0.0004102177690001378
0.0,0.000410184798499961
0.0,0.000410065632999881
0.0,0.0004099221650001938
0.0,0.0004097415132500253
0.0,0.00040946763425004284
0.0,0.0004090073124996461
0.0,0.0004089921502498539
0.0,0.0004087556499998961
0.0,0.0004086750282499415
0.0,0.0004086348625000418
0.0,0.00040848302799997675
0.0,0.00040837494399994427
0.0,0.0004079333104997966
0.0,0.00040778062824987254
0.0,0.00040763665224997914
0.0,0.0004075197222498418
0.0,0.00040729390399956393
0.0,0.00040722122499999805
0.0,0.0004071538562500176
0.0,0.00040699332650000083
0.0,0.00040691506024991036
0.0,0.0004068432180000521
0.0,0.0004065664164998724
0.0,0.0004065470049999931
0.0,0.0004062722972494009
0.0,0.0004061825090000568
0.0,0.0004060427170001424
0.0,0.0004057563560000405
0.0,0.00040568246499996126
0.0,0.0004056268742503074
0.0,0.00040550664999966014
0.0,0.0004053872345002031
0.0,0.00040535475850003494
0.0,0.0004051945000000037
0.0,0.0004044133250001012
0.0,0.00040428695924989627
0.0,0.0004042302972500786
0.0,0.00040409516450007766
0.0,0.00040402827625002423
0.0,0.00040399050625014436
0.0,0.0004034473812499018
0.0,0.0004031903524999407
0.0,0.00040304815524979857
0.0,0.00040282815050000535
0.0,0.00040255923250000474
0.0,0.0004023869252501014
0.0,0.00040224186899963827
0.0,0.0004020328382498973
0.0,0.00040195703024993064
0.0,0.000401631625000004
0.0,0.000401592925000026
0.0,0.0004015926562497978
0.0,0.00040140185000000074
0.0,0.00040121481649949903
0.0,0.00040090702500000417
0.0,0.00040081338025005115
0.0,0.00040078848025014544
0.0,0.00040070562325055463
0.0,0.00040050905000029
0.0,0.00040041222499992814
0.0,0.0004003901169999573
0.0,0.0004003486992493978
0.0,0.00040012851124950543
0.0,0.0004000805290000273
0.0,0.0004000547164999138
0.0,0.0003994167725001225
0.0,0.0003992487312501245
0.0,0.00039916083925010617
0.0,0.0003991543700002347
0.0,0.00039902781024966157
0.0,0.00039860907725015535
0.0,0.00039856655224992314
0.0,0.0003980263345001516
0.0,0.00039790299650002686
0.0,0.0003978734499997745
0.0,0.0003975774182499784
0.0,0.0003974594500001519
0.0,0.0003971352999999284
0.0,0.0003967566505001348
0.0,0.00039648934925025716
0.0,0.00039642247824990475
0.0,0.00039637591450001247
0.0,0.00039608464250000535
0.0,0.0003957431424999518
0.0,0.00039537547525017743
0.0,0.00039534762500007236
0.0,0.0003947396532500765
0.0,0.0003946661462503225
0.0,0.0003946351250001171
0.0,0.0003946338009998962
0.0,0.00039460421250001054
0.0,0.0003944443865004077
0.0,0.0003944002812499701
0.0,0.00039429585850007606
0.0,0.00039426816500006637
0.0,0.0003942587924999992
0.0,0.00039382442499986356
0.0,0.00039372471450034775
0.0,0.0003935913784998945
0.0,0.0003932627972503638
0.0,0.0003931912659998766
0.0,0.0003927106324998377
0.0,0.00039267064999993877
0.0,0.00039224797299990393
0.0,0.00039207098725002837
0.0,0.00039202882224955473
0.0,0.0003918822745000338
0.0,0.0003910343692497992
0.0,0.0003907475649997934
0.0,0.00039071366650009854
0.0,0.0003906645272503044
0.0,0.0003904972420001021
0.0,0.0003904912504998416
0.0,0.00039034671049993283
0.0,0.00039011254250016607
0.0,0.000389975526249804
0.0,0.0003898919645000386
0.0,0.0003898448302503186
0.0,0.00038974268525029563
0.0,0.00038969580625002845
0.0,0.0003896866000000199
0.0,0.00038939334424993816
0.0,0.00038919295124996775
0.0,0.0003890813532500169
0.0,0.0003890778602500896
0.0,0.00038898192500026827
0.0,0.00038887521725014735
0.0,0.00038876531300005427
0.0,0.0003887001244997682
0.0,0.0003886184404999954
0.0,0.000388376376999968
0.0,0.00038783742650002294
0.0,0.0003875776812497975
0.0,0.00038696862100006817
0.0,0.00038674760125011236
0.0,0.0003867377102498886
0.0,0.0003866046499999702
0.0,0.00038655271125001014
0.0,0.0003865038042502677
0.0,0.0003860347502503199
0.0,0.00038554447624999726
0.0,0.00038544512500014695
0.0,0.00038539513224978157
0.0,0.0003851419210000644
0.0,0.00038493699624991135
0.0,0.00038486838050014703
0.0,0.00038485722499997504
0.0,0.0003848462499998845
0.0,0.00038448138825014703
0.0,0.000384465708249778
0.0,0.0003843884249999416
0.0,0.00038411304125048995
0.0,0.000384059890000026
0.0,0.00038403021700036716
0.0,0.0003839812999998128
0.0,0.00038396988100007694
0.0,0.00038389502825008964
0.0,0.00038367801799990087
0.0,0.0003834706250000453
0.0,0.0003834477250000761
0.0,0.0003833240952500663
0.0,0.0003832950249996514
0.0,0.00038278708025006245
0.0,0.0003827500202498421
0.0,0.00038273892500002035
0.0,0.00038273411250013196
0.0,0.00038270987524989026
0.0,0.00038232171025019847
0.0,0.00038227166499985114
0.0,0.0003822061250000657
0.0,0.00038218385924970646
0.0,0.0003819805540000117
0.0,0.00038193276850008033
0.0,0.000381225456250001
0.0,0.00038113864449962483
0.0,0.00038108274024985315
0.0,0.0003810774739998652
0.0,0.00038104225000010715
0.0,0.00038079381625005023
0.0,0.00038075547599991265
0.0,0.0003805105249998968
0.0,0.0003804452202499012
0.0,0.0003804234484999482
0.0,0.0003801990222500026
0.0,0.0003798239290001625
0.0,0.00037970464999999417
0.0,0.00037938298249999905
0.0,0.0003792618162496667
0.0,0.00037922910624996247
0.0,0.00037891660050001796
0.0,0.00037874754425005894
0.0,0.00037857187825021557
0.0,0.00037844498000000055
0.0,0.000378165924999854
0.0,0.0003780564249996777
0.0,0.00037801618024993196
0.0,0.00037798396449961497
0.0,0.00037794486925010507
0.0,0.000377931624999887
0.0,0.0003777870422499118
0.0,0.00037774002499989007
0.0,0.0003776529440000993
0.0,0.00037758346825012576
0.0,0.0003775216632499396
0.0,0.00037742398524980686
0.0,0.00037711492850002996
0.0,0.00037692703450024635
0.0,0.0003768059169999112
0.0,0.00037678275649996135
0.0,0.0003759864249999605
0.0,0.0003759363140001099
0.0,0.00037582942824989355
0.0,0.00037543555300013903
0.0,0.00037494006124998104
0.0,0.00037419071625000965
0.0,0.00037417293249993896
0.0,0.0003740774019998787
0.0,0.0003740765492504884
0.0,0.00037397974099984187
0.0,0.00037384765000028283
0.0,0.0003738160722503398
0.0,0.00037350243125013283
0.0,0.0003734774410000834
0.0,0.000373387072499836
0.0,0.00037293782499974576
0.0,0.00037289716999987975
0.0,0.00037276407200001124
0.0,0.0003727225265002931
0.0,0.00037268607424995493
0.0,0.0003726513062500921
0.0,0.00037264284999999624
0.0,0.0003722734759999744
0.0,0.00037175780725015606
0.0,0.00037175042249985044
0.0,0.0003717448564998419
0.0,0.0003716854204999848
0.0,0.00037157072825064284
0.0,0.000371508661250409
0.0,0.00037130533224992044
0.0,0.00037112508225005836
0.0,0.0003709743612500773
0.0,0.00037071997624991336
0.0,0.00037051897525039153
0.0,0.00037008062900012364
0.0,0.00037002062499997174
0.0,0.000370017325000485
0.0,0.0003693941662500985
0.0,0.0003692750945001393
0.0,0.00036885020450012093
0.0,0.0003685233245000019
0.0,0.00036819922224968485
0.0,0.0003681785210000423
0.0,0.0003680137812501315
0.0,0.00036797017525006925
0.0,0.00036777010449958836
0.0,0.000367677125000305
0.0,0.0003676192000000069
0.0,0.00036715868099997855
0.0,0.000366589419250264
0.0,0.00036643624524998437
0.0,0.00036620665300038564
0.0,0.0003661546249999453
0.0,0.00036614898500003575
0.0,0.00036608859049995344
0.0,0.0003660787192500281
0.0,0.000365971300000157
0.0,0.0003659161249999754
0.0,0.0003659120679998864
0.0,0.0003655535742496418
0.0,0.00036517498899999
0.0,0.0003648118922500148
0.0,0.0003648053249999454
0.0,0.0003647660124998589
0.0,0.0003645986499999738
0.0,0.00036427657924993845
0.0,0.0003639919609995923
0.0,0.00036398903400009376
0.0,0.0003635056212503788
0.0,0.0003631416682498384
0.0,0.00036282174024998266
0.0,0.0003623389250000242
0.0,0.00036210593249971583
0.0,0.00036167761250002376
0.0,0.00036160336999990794
0.0,0.00036153746099979323
0.0,0.00036151309824987334
0.0,0.00036131728925000405
0.0,0.00036122064624992655
0.0,0.0003611232562500393
0.0,0.000360889250000091
0.0,0.00036079528224997775
0.0,0.0003606344144999802
0.0,0.00036049920125016076
0.0,0.0003601645839998882
0.0,0.0003600103249999396
0.0,0.0003599017160001049
0.0,0.0003598705272499634
0.0,0.000359795199999995
0.0,0.0003597902499995157
0.0,0.0003597449192502169
0.0,0.00035970973700026333
0.0,0.0003593874919999896
0.0,0.0003593634882494696
0.0,0.00035930556325013347
0.0,0.00035907393999994204
0.0,0.00035859850825005447
0.0,0.00035847156499965195
0.0,0.0003578952500000177
0.0,0.00035768563225005624
0.0,0.00035740428424991665
0.0,0.00035730485124962414
0.0,0.00035725135849953133
0.0,0.0003569534224997977
0.0,0.00035684525000010737
0.0,0.00035676125424988957
0.0,0.00035668133525011686
0.0,0.0003566030522500218
0.0,0.0003565127812500819
0.0,0.00035635032500002913
0.0,0.00035625309050015935
0.0,0.0003556733825000104
0.0,0.00035565913024984
0.0,0.00035557449624998256
0.0,0.00035552247399999186
0.0,0.0003554802945000846
0.0,0.00035511655399996525
0.0,0.00035505291650006265
0.0,0.000355003974249965
0.0,0.00035491898650009485
0.0,0.00035489857925001956
0.0,0.00035483289525020174
0.0,0.00035479392499997836
0.0,0.00035478470725025074
0.0,0.00035458676900001595
0.0,0.0003544440744999783
0.0,0.0003544043945001401
0.0,0.0003541522499999494
0.0,0.00035409990724998464
0.0,0.0003539783682499622
0.0,0.000353489149000033
0.0,0.0003534542240000759
0.0,0.00035318291050038647
0.0,0.0003530930762501177
0.0,0.000352808033000026
0.0,0.0003526307240005352
0.0,0.00035248150624998613
0.0,0.0003523956249997923
0.0,0.00035209508199999167
0.0,0.00035194590924991586
0.0,0.00035163521125032826
0.0,0.0003516160922501263
0.0,0.00035159302250006445
0.0,0.00035130654099998197
0.0,0.0003511541969998548
0.0,0.00035107875400005895
0.0,0.00035079938124996275
0.0,0.0003502899845000599
0.0,0.0003501625090001429
0.0,0.00034970742050007377
0.0,0.0003495580359999875
0.0,0.00034939642250003623
0.0,0.000349227606249822
0.0,0.00034900492250009816
0.0,0.00034897370000011157
0.0,0.0003486230012501003
0.0,0.00034844360899992735
0.0,0.0003479030210001167
0.0,0.0003477145165000947
0.0,0.00034766472325006
0.0,0.000347402899999983
0.0,0.0003473801932495739
0.0,0.00034712596225006744
0.0,0.0003470521925000861
0.0,0.00034692473049988863
0.0,0.00034690166425003377
0.0,0.0003468663250001452
0.0,0.0003468220490000683
0.0,0.00034651770924977535
0.0,0.0003465050000000884
0.0,0.0003462507250003493
0.0,0.0003461727512495637
0.0,0.0003456811362500008
0.0,0.000345662869250114
0.0,0.00034550536400008606
0.0,0.00034548193825001015
0.0,0.0003453079922498185
0.0,0.00034513000624987174
0.0,0.0003448922000000527
0.0,0.00034476667599965544
0.0,0.0003445450145001693
0.0,0.00034441453700040554
0.0,0.00034413855425035554
0.0,0.0003438979212500407
0.0,0.0003436776272502129
0.0,0.000343575243250247
0.0,0.00034352464249981247
0.0,0.00034324430849992004
0.0,0.000343152242000049
0.0,0.0003430676250000889
0.0,0.00034273668124996535
0.0,0.00034260690925006464
0.0,0.00034253670050011386
0.0,0.0003425098612502218
0.0,0.00034235403624996506
0.0,0.0003422220842499551
0.0,0.000342191844249612
0.0,0.0003420795504997724
0.0,0.0003420723812500508
0.0,0.00034206601725001335
0.0,0.0003419621622501628
0.0,0.0003419320049999861
0.0,0.0003416834952498694
0.0,0.00034146852125006274
0.0,0.0003413892040000301
0.0,0.0003413174649999665
0.0,0.0003412063982504995
0.0,0.00034090359125000695
0.0,0.00034088112499993116
0.0,0.00034075962499999115
0.0,0.00034071693324979626
0.0,0.0003404404249996628
0.0,0.00034011422825018544
0.0,0.0003400059620004006
0.0,0.00033986502125012196
0.0,0.00033971870124999094
0.0,0.00033961458499957137
0.0,0.0003393443622494997
0.0,0.0003390484362499244
0.0,0.00033888070249960467
0.0,0.0003388367682502177
0.0,0.00033882152824998206
0.0,0.0003388055810002006
0.0,0.00033843736100010006
0.0,0.0003382982480000456
0.0,0.0003382794129991562
0.0,0.0003381457999998932
0.0,0.00033799757124988586
0.0,0.000337754446249954
0.0,0.0003376120652500576
0.0,0.000337392844999966
0.0,0.00033736032500002666
0.0,0.0003372274250000028
0.0,0.00033720566849997796
0.0,0.00033658122500001045
0.0,0.00033629716000001524
0.0,0.00033625390450000095
0.0,0.0003361241162501271
0.0,0.0003360681845005048
0.0,0.0003360670002500566
0.0,0.00033593622499993096
0.0,0.0003357650090000997
0.0,0.0003357551250002176
0.0,0.0003356165799999421
0.0,0.00033511615425001575
0.0,0.000335067517249842
0.0,0.00033451494249992744
0.0,0.0003344798882499144
0.0,0.0003344564199999901
0.0,0.0003341504912500327
0.0,0.0003340916840000824
0.0,0.0003340866170000597
0.0,0.00033403591125011464
0.0,0.00033396231850002175
0.0,0.0003339316602495435
0.0,0.0003336268499998788
0.0,0.0003332970564999579
0.0,0.00033325456000024746
0.0,0.0003330500312498937
0.0,0.0003330201145000789
0.0,0.00033283083699996597
0.0,0.00033277878499992817
0.0,0.0003326252762496185
0.0,0.0003322160500000183
0.0,0.0003321576889999816
0.0,0.0003320522209998035
0.0,0.0003318206964998768
0.0,0.0003318192005000604
0.0,0.00033170335999995804
0.0,0.00033154713000002297
0.0,0.00033130053125010264
0.0,0.00033127833624989697
0.0,0.00033108329125032635
0.0,0.0003310832322496021
0.0,0.00033099406425035556
0.0,0.00033086258499981147
0.0,0.00033082683249985995
0.0,0.0003305883490000339
0.0,0.0003303353072500627
0.0,0.00033017708125011674
0.0,0.00032989246250006443
0.0,0.00032971708124979843
0.0,0.00032967278899984754
0.0,0.0003296336082504134
0.0,0.0003295842250000104
0.0,0.0003295774062501481
0.0,0.0003290060245000297
0.0,0.00032884669624989697
0.0,0.00032865145450000974
0.0,0.0003286284999999947
0.0,0.0003286246099999925
0.0,0.00032851323249994476
0.0,0.0003282120692500826
0.0,0.0003280141450002627
0.0,0.0003280097142501452
0.0,0.00032785093525005646
0.0,0.00032783265450018806
0.0,0.0003274998500000002
0.0,0.0003274209272501466
0.0,0.000327418793000138
0.0,0.00032733962499998824
0.0,0.0003269221685000268
0.0,0.00032684370849983855
0.0,0.000326423821249832
0.0,0.0003263716849999431
0.0,0.00032631878450017937
0.0,0.0003261712032499267
0.0,0.0003259911522501932
0.0,0.00032590880725005003
0.0,0.00032588925649981796
0.0,0.00032588150725000283
0.0,0.0003258406849999476
0.0,0.00032582761825024754
0.0,0.0003255396930001034
0.0,0.00032529644500007887
0.0,0.00032519219200000257
0.0,0.0003246194249998465
0.0,0.0003246124500000475
0.0,0.0003244992969999563
0.0,0.0003244709250000956
0.0,0.0003244536972500831
0.0,0.0003238389542500024
0.0,0.0003238082899998394
0.0,0.0003237297242501783
0.0,0.00032362298824996176
0.0,0.00032358186250012
0.0,0.0003233190132499611
0.0,0.00032330448799967805
0.0,0.00032329757299980066
0.0,0.0003232004062498996
0.0,0.0003230395212498936
0.0,0.000322846600000007
0.0,0.0003227774282501091
0.0,0.00032274762500003433
0.0,0.00032267538124978415
0.0,0.0003226154740000674
0.0,0.0003224663262499733
0.0,0.0003223820762499475
0.0,0.0003222912072499412
0.0,0.0003221568032498493
0.0,0.00032193697924977533
0.0,0.00032175085299999295
0.0,0.0003216942512499945
0.0,0.00032145573825007067
0.0,0.00032129759700040534
0.0,0.00032124714625005084
0.0,0.0003212445205001968
0.0,0.0003211536284994698
0.0,0.00032094801625000865
0.0,0.00032090331049996795
0.0,0.0003207948972500749
0.0,0.00032054347450000196
0.0,0.00032053131125039285
0.0,0.00032035790025008244
0.0,0.0003200736972499078
0.0,0.00032002054900016994
0.0,0.00031967686525003516
0.0,0.0003195450012499263
0.0,0.00031948328024998166
0.0,0.00031946050000000736
0.0,0.0003192991002499501
0.0,0.00031927742500010436
0.0,0.000319192245000421
0.0,0.0003191635505001985
0.0,0.00031911632425003414
0.0,0.00031899993850013073
0.0,0.0003188471649998669
0.0,0.0003187339472498613
0.0,0.00031865057824998204
0.0,0.0003186451300000322
0.0,0.0003184989769996656
0.0,0.00031845158499980097
0.0,0.00031844818525002976
0.0,0.00031842241599992755
0.0,0.0003183914532502763
0.0,0.00031824051650001216
0.0,0.0003181815162500199
0.0,0.0003180629632500794
0.0,0.00031806209125004754
0.0,0.0003180368499999522
0.0,0.0003176284960000656
0.0,0.00031733599324958476
0.0,0.0003173164062500151
0.0,0.0003171499742499946
0.0,0.00031714842400001767
0.0,0.00031701319324995586
0.0,0.00031700866625025497
0.0,0.0003166803249999038
0.0,0.00031656032900006105
0.0,0.0003163224999999276
0.0,0.00031621202500001217
0.0,0.00031609225849999183
0.0,0.00031589687924995233
0.0,0.0003158362249999908
0.0,0.00031581232624966786
0.0,0.00031579160050003636
0.0,0.00031573481125000014
0.0,0.0003156873524999944
0.0,0.0003153812500000209
0.0,0.00031536783649968673
0.0,0.0003153221832500251
0.0,0.00031522638825005195
0.0,0.00031513597825007196
0.0,0.0003149612172500671
0.0,0.0003149337602502458
0.0,0.0003147046250001663
0.0,0.00031462917024991754
0.0,0.00031455610000005155
0.0,0.00031450812649998813
0.0,0.0003143834482503487
0.0,0.0003142516985000165
0.0,0.0003141420302500887
0.0,0.0003140897049999303
0.0,0.0003140335520003458
0.0,0.0003139669160001899
0.0,0.0003139576424999816
0.0,0.0003139274959999349
0.0,0.00031388883325078766
0.0,0.00031385692324999756
0.0,0.00031365850000003614
0.0,0.0003136320112501138
0.0,0.0003134956250003354
0.0,0.0003132901682496104
0.0,0.0003131956250003056
0.0,0.0003131328170000049
0.0,0.0003128601522500167
0.0,0.00031262800249996266
0.0,0.0003125580249999249
0.0,0.00031244285199983994
0.0,0.0003123743912491775
0.0,0.000312345864499955
0.0,0.00031231343300013086
0.0,0.0003122824612499931
0.0,0.0003121775832500379
0.0,0.0003118401162491268
0.0,0.00031171004999992107
0.0,0.0003115300145000665
0.0,0.00031145822499983444
0.0,0.00031131890724977443
0.0,0.00031111187649964195
0.0,0.00031111050099987155
0.0,0.00031110019450000993
0.0,0.00031057265000001557
0.0,0.00031057202500043646
0.0,0.0003105679562498938
0.0,0.00031035481000019744
0.0,0.00031004176449959183
0.0,0.00030998435425005596
0.0,0.0003098542249999977
0.0,0.0003097420312496792
0.0,0.00030964543024995415
0.0,0.000309480200000254
0.0,0.00030928137650025264
0.0,0.0003091061412500591
0.0,0.0003089397122500083
0.0,0.0003088471742500172
0.0,0.0003087260689999039
0.0,0.0003086775992499208
0.0,0.0003084149382502372
0.0,0.00030834876249995105
0.0,0.000308221901000053
0.0,0.0003080567162500314
0.0,0.00030798650724989454
0.0,0.0003078515045001367
0.0,0.00030744015624983097
0.0,0.0003071186725000029
0.0,0.00030707260624996107
0.0,0.00030702405624995406
0.0,0.0003060166412499507
0.0,0.00030591423850006314
0.0,0.00030567232800005366
0.0,0.0003052984999999656
0.0,0.000305023987999988
0.0,0.0003048828362498761
0.0,0.000304830309250003
0.0,0.00030479849999999156
0.0,0.00030473919624990836
0.0,0.0003045590410000687
0.0,0.00030428243525004354
0.0,0.00030423031249981184
0.0,0.0003041842250001555
0.0,0.00030404945000045154
0.0,0.0003040288524999064
0.0,0.0003040209162497799
0.0,0.00030398736424999174
0.0,0.0003039640812500589
0.0,0.0003039625464995129
0.0,0.00030395216725001003
0.0,0.00030391562500005007
0.0,0.00030382052499990835
0.0,0.0003037495300003125
0.0,0.00030373419250005626
0.0,0.00030373322499998895
0.0,0.0003036607065000567
0.0,0.0003035572244999025
0.0,0.00030342537799999726
0.0,0.000303334576249904
0.0,0.0003033116292500347
0.0,0.000303239478250033
0.0,0.0003031422879999177
0.0,0.0003031395872500253
0.0,0.00030269646325029335
0.0,0.00030261528024996375
0.0,0.0003025298022500247
0.0,0.00030229639249986884
0.0,0.0003021885962502699
0.0,0.00030210925825009433
0.0,0.0003020977322502494
0.0,0.0003020272265000451
0.0,0.00030201405624998956
0.0,0.00030197568050002667
0.0,0.0003019523442499433
0.0,0.0003018344425000613
0.0,0.0003018228649999421
0.0,0.0003018128000001174
0.0,0.0003016497999998734
0.0,0.0003015684652500438
0.0,0.00030138768125000147
0.0,0.0003013704492495853
0.0,0.0003011882424999832
0.0,0.0003009547040000664
0.0,0.0003009521544999857
0.0,0.0003006921649998061
0.0,0.00030055480200015354
0.0,0.0003004695762499417
0.0,0.0003004322290005089
0.0,0.00030040937825006063
0.0,0.00030036424900004553
0.0,0.00030034201250008397
0.0,0.0003001446499997935
0.0,0.00029992549849997945
0.0,0.000299826366249934
0.0,0.00029981282500026086
0.0,0.00029976436249972793
0.0,0.00029970518650003855
0.0,0.0002996799165000479
0.0,0.00029954471425007814
0.0,0.00029939015025005254
0.0,0.00029932044425038426
0.0,0.0002993083925002341
0.0,0.0002992693860001308
0.0,0.0002991893839998745
0.0,0.0002990167562499349
0.0,0.00029887990900003274
0.0,0.0002987062362499776
0.0,0.00029869085000003856
0.0,0.0002986724900000906
0.0,0.00029865707050071055
0.0,0.0002986325802500603
0.0,0.00029855274125006165
0.0,0.000298494717250006
0.0,0.00029841377625000284
0.0,0.0002983947182498639
0.0,0.00029838609999997703
0.0,0.00029833981224972164
0.0,0.00029828092499986495
0.0,0.0002980992582500019
0.0,0.00029804992099990605
0.0,0.0002978341925000352
0.0,0.00029766207325002944
0.0,0.00029759174900005506
0.0,0.00029742560725006293
0.0,0.0002973866959997063
0.0,0.0002972479512500334
0.0,0.0002971892090000037
0.0,0.00029718009024990984
0.0,0.00029715534900011387
0.0,0.00029708848249952675
0.0,0.00029695470124996873
0.0,0.00029684899699996707
0.0,0.00029653422499992607
0.0,0.0002965036499999634
0.0,0.000296444509000086
0.0,0.000296218285250007
0.0,0.000296015380999881
0.0,0.0002959970000001144
0.0,0.00029570249649998436
0.0,0.000295641799999851
0.0,0.0002956108902499943
0.0,0.0002955675942501664
0.0,0.00029553910249963014
0.0,0.0002954794162498924
0.0,0.0002954597912500033
0.0,0.0002951919852500273
0.0,0.00029511362500011043
0.0,0.000295029250000017
0.0,0.00029473441449997384
0.0,0.00029429400624981486
0.0,0.00029428604999993724
0.0,0.0002942413525000544
0.0,0.00029422890249992755
0.0,0.00029421912999999023
0.0,0.00029397273250010775
0.0,0.0002935602224999079
0.0,0.0002934381250001642
0.0,0.0002934282530001666
0.0,0.0002934051530003712
0.0,0.00029339639299996695
0.0,0.00029334350524997006
0.0,0.00029331418449997447
0.0,0.0002932434145000051
0.0,0.00029319650100000376
0.0,0.0002931016612500448
0.0,0.00029306583399967023
0.0,0.00029304612924975243
0.0,0.0002930001512500537
0.0,0.00029293301049962124
0.0,0.0002929271664999247
0.0,0.00029272527700023766
0.0,0.0002926399130000811
0.0,0.00029262885650002256
0.0,0.0002925348412498945
0.0,0.0002925088262499423
0.0,0.0002924638672497926
0.0,0.0002922635700000071
0.0,0.0002919383312498877
0.0,0.00029171552824999464
0.0,0.00029148430825013034
0.0,0.0002914349192500334
0.0,0.0002914073125003739
0.0,0.0002910561705004062
0.0,0.00029086992899998525
0.0,0.0002907408399999269
0.0,0.0002906596209997853
0.0,0.00029060215850024585
0.0,0.0002905886660000954
0.0,0.00029020352500001216
0.0,0.00029008136450003874
0.0,0.00029000395849976106
0.0,0.0002898119412494984
0.0,0.0002896234062502816
0.0,0.0002894442602500069
0.0,0.000289349184500282
0.0,0.0002892816962500538
0.0,0.00028925851050005095
0.0,0.000289118455250027
0.0,0.0002891132499999831
0.0,0.00028904825000011845
0.0,0.0002889384422500273
0.0,0.00028877112500006635
0.0,0.0002885237825002203
0.0,0.0002881597924999934
0.0,0.000288123152500003
0.0,0.00028799361250043964
0.0,0.00028795421525004336
0.0,0.00028791758250008414
0.0,0.0002877327609999415
0.0,0.0002877208392499797
0.0,0.0002876099822500969
0.0,0.0002874621182500639
0.0,0.0002873541025000119
0.0,0.0002873459384999936
0.0,0.0002873193222500111
0.0,0.0002873161250000729
0.0,0.00028727125324989075
0.0,0.00028723596650006086
0.0,0.00028718563249998167
0.0,0.00028717187199993116
0.0,0.0002871463999996396
0.0,0.0002869702900000125
0.0,0.0002868847585003926
0.0,0.0002866083312501141
0.0,0.0002865094802495999
0.0,0.0002864130305000098
0.0,0.0002860095902500315
0.0,0.00028600538824991186
0.0,0.00028579615825014687
0.0,0.00028544100124961586
0.0,0.00028543048849981675
0.0,0.0002853554562499273
0.0,0.0002850525722494769
0.0,0.00028501941024999843
0.0,0.0002845211962498712
0.0,0.0002841743102501603
0.0,0.0002840565604998383
0.0,0.00028397297124974725
0.0,0.00028386938724996226
0.0,0.00028373164425004997
0.0,0.0002836296092501087
0.0,0.0002835890862498621
0.0,0.00028350265000004975
0.0,0.00028344542424985644
0.0,0.00028338384500009773
0.0,0.00028334417049994727
0.0,0.0002831256132501984
0.0,0.00028309389649981335
0.0,0.000283088424999554
0.0,0.0002829824785000746
0.0,0.0002829259392504106
0.0,0.0002828554852500316
0.0,0.0002827711925001892
0.0,0.00028271155300013407
0.0,0.00028266094524999634
0.0,0.0002826223009999389
0.0,0.0002824210962499931
0.0,0.00028227764899994487
0.0,0.0002822684432499099
0.0,0.000282253826250016
0.0,0.0002820204672501593
0.0,0.0002819838445003499
0.0,0.0002819463529998646
0.0,0.0002818851605002929
0.0,0.0002817889092500188
0.0,0.00028177853800001303
0.0,0.0002817501162495401
0.0,0.00028166326325001513
0.0,0.0002816339402502343
0.0,0.00028161850400031216
0.0,0.0002815864024998377
0.0,0.0002815357892498874
0.0,0.0002814076250001632
0.0,0.00028139024925002406
0.0,0.00028122620225013004
0.0,0.00028075754124978297
0.0,0.00028069519050029725
0.0,0.0002805748022501346
0.0,0.00028055651650002575
0.0,0.0002802884329999282
0.0,0.0002801925662500609
0.0,0.0002801832012499868
0.0,0.00028006103724966365
0.0,0.0002800226500000358
0.0,0.0002800126482499518
0.0,0.00027975156249966475
0.0,0.00027964442499999283
0.0,0.00027937616200015555
0.0,0.0002793562682500539
0.0,0.00027905520424998124
0.0,0.00027900547200044787
0.0,0.0002789400484999292
0.0,0.0002786523920000034
0.0,0.00027841232500000414
0.0,0.00027837798425012943
0.0,0.00027825369700009263
0.0,0.0002782484499999128
0.0,0.0002780364672502572
0.0,0.0002780164632498472
0.0,0.0002779888500000011
0.0,0.0002776682499999868
0.0,0.000277569810500179
0.0,0.0002775649302498251
0.0,0.0002774580499999147
0.0,0.00027740499999992025
0.0,0.0002773996704998774
0.0,0.0002770020725001085
0.0,0.0002768979999999356
0.0,0.000276806784250028
0.0,0.00027671062499997256
0.0,0.00027667376125003
0.0,0.00027644729450005756
0.0,0.00027635805649986077
0.0,0.00027632576924996804
0.0,0.0002761946000000346
0.0,0.00027613585024990656
0.0,0.00027601958599999204
0.0,0.00027601403125006383
0.0,0.00027599965449980773
0.0,0.00027597619999988226
0.0,0.000275843300499937
0.0,0.0002756647742501201
0.0,0.00027564413850004777
0.0,0.00027559004124977257
0.0,0.0002753706250001003
0.0,0.0002752162312498306
0.0,0.00027506005250023044
0.0,0.0002749890362497732
0.0,0.0002749291412499965
0.0,0.00027488590625010165
0.0,0.0002747499762500013
0.0,0.0002745775045000612
0.0,0.0002745147250001196
0.0,0.0002744771152500522
0.0,0.000274420414249966
0.0,0.00027434970900003946
0.0,0.00027433283599994783
0.0,0.00027427908999985777
0.0,0.0002742470485000498
0.0,0.0002742291250000075
0.0,0.00027421024999988624
0.0,0.00027418356725003644
0.0,0.0002740828250000312
0.0,0.0002740319845000506
0.0,0.00027364926124989004
0.0,0.00027355449999999916
0.0,0.0002733909312497329
0.0,0.0002733326019999044
0.0,0.00027326715299993466
0.0,0.00027281513125034234
0.0,0.0002727932282498917
0.0,0.00027266079124995074
0.0,0.00027237480849990904
0.0,0.0002722935252500621
0.0,0.00027227407324991316
0.0,0.0002722338812499742
0.0,0.0002721879249999947
0.0,0.0002720715700000935
0.0,0.00027195392225001465
0.0,0.0002719484929994268
0.0,0.000271934998249908
0.0,0.00027182958124994663
0.0,0.0002717806250002861
0.0,0.00027176950250019656
0.0,0.0002717239062498307
0.0,0.00027159335125026237
0.0,0.00027147429199999814
0.0,0.00027144954325035626
0.0,0.00027134482499998193
0.0,0.0002713429872498676
0.0,0.0002711340092503645
0.0,0.00027102992799985355
0.0,0.00027099877925018564
0.0,0.0002709748044997318
0.0,0.00027073334125024014
0.0,0.00027072083050003193
0.0,0.0002706876062499079
0.0,0.00027055057024996383
0.0,0.00027038721250006764
0.0,0.00027025999999997797
0.0,0.00027016760199994136
0.0,0.00027016553799975813
0.0,0.0002701112420000622
0.0,0.0002700101362499346
0.0,0.0002698125364999283
0.0,0.0002698078872499868
0.0,0.0002697069962500077
0.0,0.00026965455324979643
0.0,0.0002695792249999759
0.0,0.0002695635542497777
0.0,0.00026942126724991794
0.0,0.0002692852922496614
0.0,0.00026926703050028915
0.0,0.0002691929304998329
0.0,0.0002690942282498785
0.0,0.00026903107999995277
0.0,0.00026896999924983374
0.0,0.00026890896824994685
0.0,0.0002689010119999377
0.0,0.00026882583725003535
0.0,0.0002687195300002921
0.0,0.00026855588250006485
0.0,0.0002685404320000707
0.0,0.00026836541225010657
0.0,0.0002683011372496515
0.0,0.0002681818182496303
0.0,0.0002680769222498992
0.0,0.00026805705124993766
0.0,0.00026799801125001565
0.0,0.00026796204500005913
0.0,0.0002679018332498569
0.0,0.00026778148825023454
0.0,0.00026778055625025936
0.0,0.00026753398599991006
0.0,0.00026751678025037514
0.0,0.0002674424162499988
0.0,0.00026743026600008506
0.0,0.00026712893049997714
0.0,0.00026712375624964415
0.0,0.00026704246625013865
0.0,0.00026701189924969906
0.0,0.00026692479124997557
0.0,0.0002668912722496303
0.0,0.00026683922250011875
0.0,0.00026673818000003536
0.0,0.00026643289624952743
0.0,0.0002664249462500754
0.0,0.0002664048499999573
0.0,0.00026635037724998835
0.0,0.00026617635999995245
0.0,0.00026614244425046126
0.0,0.0002661009702500427
0.0,0.0002660598609999002
0.0,0.00026598416624999026
0.0,0.00026586312524997193
0.0,0.0002658613152499897
0.0,0.0002658444050003753
0.0,0.0002658216062499381
0.0,0.00026581553049992326
0.0,0.0002657838499999227
0.0,0.00026569652500003536
0.0,0.0002655965845005017
0.0,0.0002655560724999196
0.0,0.0002655319249999978
0.0,0.0002654345672499699
0.0,0.0002653964612499428
0.0,0.00026528894325019694
0.0,0.00026506730449997755
0.0,0.00026505904099974635
0.0,0.0002648991369999837
0.0,0.0002648745450000503
0.0,0.0002648264720000345
0.0,0.0002647647425000786
0.0,0.00026473848050014573
0.0,0.00026469926499998866
0.0,0.00026465472500010126
0.0,0.000264604728250081
0.0,0.00026453011625002183
0.0,0.0002645276905002659
0.0,0.00026421274324998337
0.0,0.0002640101112500197
0.0,0.00026399743699998007
0.0,0.00026388030324998456
0.0,0.00026386365025002064
0.0,0.0002635964612500953
0.0,0.00026356121800004623
0.0,0.0002632675024999958
0.0,0.0002632458462496969
0.0,0.000263084188250001
0.0,0.0002630273770000293
0.0,0.00026287074024995715
0.0,0.00026279558124993416
0.0,0.0002627095025003375
0.0,0.00026255274049996185
0.0,0.0002624567562504036
0.0,0.0002623478942499687
0.0,0.000262337905999939
0.0,0.0002621476682499258
0.0,0.00026208192124987754
0.0,0.00026207410525017684
0.0,0.0002620239052501574
0.0,0.0002618950422499473
0.0,0.0002618062329999964
0.0,0.00026173911024993254
0.0,0.00026168443249992605
0.0,0.0002616759400001569
0.0,0.00026155705825008405
0.0,0.00026149216024995057
0.0,0.00026146283424946265
0.0,0.00026142789650010793
0.0,0.00026101282500032356
0.0,0.00026095503124993347
0.0,0.00026067476500010885
0.0,0.00026057193299997916
0.0,0.00026044524025000825
0.0,0.00026042478499997744
0.0,0.0002603344165000523
0.0,0.0002601734439999315
0.0,0.0002600921959999372
0.0,0.000260028614499969
0.0,0.00026001565000007703
0.0,0.0002597604250001188
0.0,0.0002597600209998486
0.0,0.000259683525000175
0.0,0.00025957512925012466
0.0,0.00025955032999957627
0.0,0.0002589946249998477
0.0,0.00025896193824996783
0.0,0.0002588864832503766
0.0,0.00025880288200012173
0.0,0.0002587762442504248
0.0,0.00025874202500002246
0.0,0.0002586631332500402
0.0,0.00025865122625018296
0.0,0.00025859678500007876
0.0,0.00025855689125015566
0.0,0.00025848778400012383
0.0,0.0002584778522495473
0.0,0.0002583737822500271
0.0,0.0002582310002496943
0.0,0.0002582176262499559
0.0,0.0002581347402496437
0.0,0.00025805398824954595
0.0,0.00025796885850004413
0.0,0.00025791162499995434
0.0,0.00025776819625010613
0.0,0.000257762911250176
0.0,0.0002576123665002619
0.0,0.00025750435400033456
0.0,0.0002573872062499735
0.0,0.000257369048500095
0.0,0.00025724551525008004
0.0,0.00025713312500003007
0.0,0.0002570950682499461
0.0,0.00025704410000017573
0.0,0.00025699510399935393
0.0,0.00025699232449975145
0.0,0.0002568752359999555
0.0,0.0002568222499998765
0.0,0.0002563826525000877
0.0,0.00025630503125000656
0.0,0.00025628221700000047
0.0,0.00025624562500020523
0.0,0.0002561212022499247
0.0,0.0002561115244999854
0.0,0.00025585531224996816
0.0,0.00025585378849992747
0.0,0.0002557630524999457
0.0,0.000255698046500118
0.0,0.0002556685082499957
0.0,0.00025562226325001125
0.0,0.0002556120865000375
0.0,0.0002555923005000538
0.0,0.0002555208212500501
0.0,0.00025539279999976685
0.0,0.0002553872000000946
0.0,0.0002553105262499847
0.0,0.00025523118725001885
0.0,0.0002552236562498882
0.0,0.0002551821272500002
0.0,0.0002550039624998234
0.0,0.0002549354462499353
0.0,0.000254866588250001
0.0,0.0002548569249997907
0.0,0.00025484493250014774
0.0,0.00025472502849998267
0.0,0.0002546787624999259
0.0,0.00025467200099999084
0.0,0.00025460344624997756
0.0,0.0002544374202498495
0.0,0.0002543998592501101
0.0,0.0002540969705000871
0.0,0.0002540722500000341
0.0,0.00025403652624999683
0.0,0.00025387078925003903
0.0,0.0002538139459997995
0.0,0.00025378648024995134
0.0,0.0002534819552499629
0.0,0.00025325674649990805
0.0,0.0002531761999998034
0.0,0.0002531504942499602
0.0,0.0002531493272498472
0.0,0.00025294018250031857
0.0,0.0002529375232503593
0.0,0.00025286612824997675
0.0,0.0002528491684999283
0.0,0.00025277589250006404
0.0,0.00025265942499993544
0.0,0.00025264754499984077
0.0,0.0002526311049999751
0.0,0.00025260971824999403
0.0,0.00025253388624993367
0.0,0.00025234279199983975
0.0,0.0002522503212501924
0.0,0.00025213681125001587
0.0,0.00025190712499998736
0.0,0.00025178378599988584
0.0,0.0002517250249999837
0.0,0.00025170441250010097
0.0,0.0002516481212501572
0.0,0.00025163745625005713
0.0,0.0002515788282499709
0.0,0.0002515455942502966
0.0,0.00025129442499975717
0.0,0.0002512464370000012
0.0,0.00025124028925000786
0.0,0.00025121442624955826
0.0,0.0002511009372500015
0.0,0.0002510497999998738
0.0,0.00025098439925000794
0.0,0.00025095456624956586
0.0,0.0002506835565000607
0.0,0.00025050262500012614
0.0,0.0002504292650000379
0.0,0.0002504061849999222
0.0,0.0002501802882499154
0.0,0.0002501161262500242
0.0,0.00025003978100003404
0.0,0.00025000290650000487
0.0,0.00024997025249999034
0.0,0.00024994702899998534
0.0,0.0002499328532499152
0.0,0.0002498050562503058
0.0,0.00024968890225012907
0.0,0.00024962247700015456
0.0,0.0002494958600000607
0.0,0.00024942452725000276
0.0,0.00024937362500011725
0.0,0.0002493379292500585
0.0,0.00024929581300003927
0.0,0.0002492611762499862
0.0,0.00024924410649994225
0.0,0.0002491603249999563
0.0,0.0002491377125000443
0.0,0.00024913216924985485
0.0,0.00024905040250000913
0.0,0.0002489529250000133
0.0,0.0002489299650002352
0.0,0.0002488130762501872
0.0,0.0002488121412499829
0.0,0.00024871563124968235
0.0,0.00024869405599988283
0.0,0.00024868925000018176
0.0,0.00024860186599986
0.0,0.00024856249450017987
0.0,0.00024849665000013804
0.0,0.0002484713764999257
0.0,0.0002484613842499887
0.0,0.00024845651650025585
0.0,0.0002483761062500139
0.0,0.00024827448724994193
0.0,0.0002481235862500722
0.0,0.00024806659599990716
0.0,0.0002479672024997178
0.0,0.00024796370525001943
0.0,0.00024796208049999025
0.0,0.0002479503062500459
0.0,0.00024788108825003676
0.0,0.00024775140824988284
0.0,0.00024764406250007054
0.0,0.00024747616124989966
0.0,0.00024722070049986616
0.0,0.00024711225625012666
0.0,0.00024708494924994867
0.0,0.0002469339632501373
0.0,0.0002467964992500126
0.0,0.0002467828489999769
0.0,0.00024668886124988815
0.0,0.00024661911424969234
0.0,0.0002465909860000276
0.0,0.0002465829002496468
0.0,0.0002463951250000291
0.0,0.0002463931422501066
0.0,0.0002463678879999731
0.0,0.00024632343024997205
0.0,0.000246292666250147
0.0,0.0002462585082499743
0.0,0.00024622817425000226
0.0,0.0002462141092496631
0.0,0.0002461916142496192
0.0,0.000245877428249979
0.0,0.0002458342130000421
0.0,0.0002457911050000558
0.0,0.0002455777202499626
0.0,0.00024556623250006403
0.0,0.0002455661000001292
0.0,0.00024551865000000186
0.0,0.00024543112500000736
0.0,0.0002453593044998962
0.0,0.00024533381699998
0.0,0.0002452454312499737
0.0,0.0002451364542497192
0.0,0.00024493712499960185
0.0,0.00024490272850005365
0.0,0.0002447049312499979
0.0,0.00024467706250032127
0.0,0.00024463835525000317
0.0,0.00024462813700010103
0.0,0.0002446042405000767
0.0,0.0002445872322501541
0.0,0.00024457014124997303
0.0,0.0002445616362499804
0.0,0.00024448680249981544
0.0,0.0002444487862497413
0.0,0.0002444420224999458
0.0,0.0002444305862498049
0.0,0.0002443397904997614
0.0,0.00024426370124996336
0.0,0.0002442549762499854
0.0,0.0002442127092500886
0.0,0.0002441781612500119
0.0,0.000244159854249938
0.0,0.0002439524005000217
0.0,0.00024382118250002016
0.0,0.0002435456499998917
0.0,0.0002434524999998566
0.0,0.0002434457000000032
0.0,0.00024341755825038315
0.0,0.0002433444012501144
0.0,0.0002433132925003139
0.0,0.00024331011024995218
0.0,0.00024329936800013166
0.0,0.00024307929850018797
0.0,0.00024300768724972978
0.0,0.00024297828849997443
0.0,0.00024294676250010764
0.0,0.0002429073392496133
0.0,0.00024284510225004147
0.0,0.0002428200612501243
0.0,0.00024276755425016916
0.0,0.0002427171452501684
0.0,0.00024269562500002468
0.0,0.00024256893600002122
0.0,0.00024254919624990608
0.0,0.00024253593249993726
0.0,0.00024252576649992007
0.0,0.00024251524249994683
0.0,0.00024249919324974127
0.0,0.00024246439999994028
0.0,0.00024244593050010152
0.0,0.00024238488125028
0.0,0.00024238156099985435
0.0,0.00024230556999991476
0.0,0.00024230160000004425
0.0,0.00024229095525001303
0.0,0.0002422899452500628
0.0,0.00024209517925066973
0.0,0.00024209129124978156
0.0,0.0002419663139999706
0.0,0.00024195864999997197
0.0,0.0002419272752499403
0.0,0.00024187736199996827
0.0,0.00024177140125000108
0.0,0.0002416635204999765
0.0,0.00024162429650007006
0.0,0.00024157790499991272
0.0,0.00024143379299979118
0.0,0.00024142203625005513
0.0,0.00024138676125027013
0.0,0.00024117329450010075
0.0,0.00024114233125000365
0.0,0.0002409790645000145
0.0,0.00024063718824994518
0.0,0.00024055409224976832
0.0,0.00024041942499992115
0.0,0.00024041778025018107
0.0,0.00024041728625001776
0.0,0.00024037067450002444
0.0,0.00024025193124996102
0.0,0.00024013264249986386
0.0,0.00024000065825003912
0.0,0.00023997367324993376
0.0,0.0002399136392499958
0.0,0.00023985936999993158
0.0,0.0002397534132499846
0.0,0.0002397206745000551
0.0,0.00023962177450003195
0.0,0.00023951656925039913
0.0,0.00023943805925003323
0.0,0.00023937631250012036
0.0,0.00023930835400008508
0.0,0.0002392997732496942
0.0,0.00023927851024993258
0.0,0.00023925274325007045
0.0,0.0002391303245000491
0.0,0.000239065938499988
0.0,0.00023902159999991917
0.0,0.0002388876152499556
0.0,0.00023886173825001683
0.0,0.00023883317725005064
0.0,0.00023882497999995378
0.0,0.0002386856249999025
0.0,0.00023852446225001235
0.0,0.00023841556649995
0.0,0.00023828823425002033
0.0,0.00023820066425009952
0.0,0.0002381816484998569
0.0,0.00023816070100003575
0.0,0.00023813938900005965
0.0,0.0002381243889999181
0.0,0.00023804336249993885
0.0,0.00023795578599993428
0.0,0.000237912231250043
0.0,0.00023790660500005079
0.0,0.00023785612099999433
0.0,0.00023751809449996456
0.0,0.00023719687324996722
0.0,0.0002371943249999849
0.0,0.00023715169999998808
0.0,0.000236814957250008
0.0,0.00023668804100001925
0.0,0.00023665992424984646
0.0,0.0002366272062499662
0.0,0.0002365927249999379
0.0,0.00023651456725001178
0.0,0.00023648288400038596
0.0,0.0002364535302500191
0.0,0.0002363850162499585
0.0,0.00023635075699994466
0.0,0.00023628740900019508
0.0,0.00023626462100000177
0.0,0.00023612449999985965
0.0,0.00023603953050020296
0.0,0.0002359328712496215
0.0,0.00023591476249980444
0.0,0.00023590098424965567
0.0,0.00023587490000006158
0.0,0.00023573002499987453
0.0,0.00023571657249988687
0.0,0.00023569082825007181
0.0,0.0002356894384999723
0.0,0.00023567631525005808
0.0,0.00023564574499973116
0.0,0.00023563620624996286
0.0,0.00023552534724995459
0.0,0.00023543723724998871
0.0,0.0002354067902501821
0.0,0.000235378083999863
0.0,0.0002353676560001522
0.0,0.00023534356624995112
0.0,0.000235259732500043
0.0,0.00023523411924992796
0.0,0.00023521392500025766
0.0,0.00023519696000000065
0.0,0.00023517852500006274
0.0,0.00023503949450011976
0.0,0.00023501701624990584
0.0,0.00023493917199997091
0.0,0.00023490008049999685
0.0,0.00023481414049963874
0.0,0.0002347988432500625
0.0,0.00023474513225001125
0.0,0.0002346733639999451
0.0,0.00023465848099993647
0.0,0.00023453345724996588
0.0,0.00023452414625002506
0.0,0.00023442262924977132
0.0,0.00023442174024994116
0.0,0.00023440529649996136
0.0,0.00023429399425004357
0.0,0.0002342430500000446
0.0,0.00023423119450001305
0.0,0.00023418674425008357
0.0,0.00023402467850035447
0.0,0.00023392364525013783
0.0,0.00023383096250017914
0.0,0.0002335906249999092
0.0,0.0002335017205001264
0.0,0.00023347584500003324
0.0,0.00023337674049995696
0.0,0.0002332742652499017
0.0,0.0002331092612500006
0.0,0.0002330576845000222
0.0,0.00023297369124954988
0.0,0.00023288160124999648
0.0,0.0002328456312499375
0.0,0.000232825474250098
0.0,0.00023258110449998694
0.0,0.00023247025000033578
0.0,0.00023244434425005034
0.0,0.00023234074900009425
0.0,0.00023225763025031617
0.0,0.00023225112325023483
0.0,0.00023225057299998034
0.0,0.00023217413050001298
0.0,0.0002320250000001058
0.0,0.0002319085842499039
0.0,0.00023177800000007923
0.0,0.00023168640099995063
0.0,0.00023167652649989576
0.0,0.00023166418599999343
0.0,0.0002315249325003231
0.0,0.00023146450625004714
0.0,0.00023143514499980754
0.0,0.00023138165425004884
0.0,0.00023127057424995003
0.0,0.00023112286250000176
0.0,0.0002310915312499956
0.0,0.00023103312499996574
0.0,0.00023092809925020024
0.0,0.00023091762500069803
0.0,0.00023074542499999654
0.0,0.00023070397449997504
0.0,0.00023064829624977202
0.0,0.00023049000000000425
0.0,0.00023047208124999698
0.0,0.00023044738100012484
0.0,0.00023044429524994836
0.0,0.00023033792500000576
0.0,0.0002303270500000249
0.0,0.0002303097345002981
0.0,0.0002302689192499717
0.0,0.0002301796900000345
0.0,0.00023009704624997321
0.0,0.00023002620325019788
0.0,0.00022989086650006306
0.0,0.0002298777805003038
0.0,0.00022986658324999695
0.0,0.00022966192099998356
0.0,0.00022959915050002798
0.0,0.00022952748424975243
0.0,0.00022944534650000872
0.0,0.00022943254499998268
0.0,0.00022938570249983426
0.0,0.00022938289299994125
0.0,0.00022937011325001956
0.0,0.00022929509425015512
0.0,0.0002292708745000108
0.0,0.00022906000000005142
0.0,0.0002290264579999612
0.0,0.00022898119725030404
0.0,0.00022889099025018566
0.0,0.0002288458872498981
0.0,0.00022883308249999242
0.0,0.00022878825125003722
0.0,0.00022867407400013837
0.0,0.00022860572724956062
0.0,0.0002285892582499707
0.0,0.00022826396124996497
0.0,0.00022823455925001295
0.0,0.00022822651625033279
0.0,0.00022819484424996972
0.0,0.00022810286900002455
0.0,0.00022802394324993025
0.0,0.00022801802050001282
0.0,0.0002279875204998172
0.0,0.00022797200000007086
0.0,0.0002278873249999297
0.0,0.00022786796249997727
0.0,0.00022781686924996903
0.0,0.00022778959924999636
0.0,0.00022772020000002218
0.0,0.0002275878782499585
0.0,0.00022758251049997881
0.0,0.00022754490649987312
0.0,0.00022750031649993043
0.0,0.00022728642425005148
0.0,0.00022724280999961155
0.0,0.00022717992624983458
0.0,0.00022715144450035854
0.0,0.00022712061125008674
0.0,0.00022699320625001822
0.0,0.0002269230210000606
0.0,0.00022674916625003413
0.0,0.0002267269402499918
0.0,0.00022656675425007156
0.0,0.00022651414249988706
0.0,0.00022637472324998578
0.0,0.0002262468624999641
0.0,0.00022616175124992428
0.0,0.00022592232124995902
0.0,0.00022582425699958216
0.0,0.00022577464925012579
0.0,0.00022575038900000762
0.0,0.00022574621199994378
0.0,0.0002257331012498484
0.0,0.00022563827225008013
0.0,0.00022562902125013222
0.0,0.00022561654624998387
0.0,0.00022548829249984933
0.0,0.00022529993649996822
0.0,0.00022523774849979487
0.0,0.00022507392999972318
0.0,0.00022499517624987577
0.0,0.00022499392500002833
0.0,0.00022496604999983825
0.0,0.00022478599449992682
0.0,0.0002247595482500208
0.0,0.0002246864545000561
0.0,0.00022468225000031334
0.0,0.00022467392725003765
0.0,0.00022465164999968418
0.0,0.0002244898249999771
0.0,0.00022446072399999483
0.0,0.00022414861300003297
0.0,0.0002241308532499753
0.0,0.00022411535050002006
0.0,0.00022409670424985132
0.0,0.00022409304125005217
0.0,0.00022405139725000593
0.0,0.00022404017524994368
0.0,0.00022394712500007022
0.0,0.00022389464499998556
0.0,0.00022368646624971143
0.0,0.00022364144999996325
0.0,0.00022362058525003277
0.0,0.00022355900125013665
0.0,0.0002234551442499246
0.0,0.0002233909322499972
0.0,0.00022329683299994254
0.0,0.0002232360000003203
0.0,0.00022304385000009014
0.0,0.0002229897462499221
0.0,0.00022298408050002496
0.0,0.00022289571624988267
0.0,0.00022277504124998624
0.0,0.0002226706250000173
0.0,0.00022265689299988043
0.0,0.00022264002625007478
0.0,0.0002225494505000547
0.0,0.00022253661125000513
0.0,0.00022251232999971762
0.0,0.0002223149725000342
0.0,0.00022231121799995367
0.0,0.0002222423372501165
0.0,0.0002221296249999944
0.0,0.00022208603599997067
0.0,0.00022201042500070997
0.0,0.00022193662249990652
0.0,0.00022191856250014955
0.0,0.00022173025525005726
0.0,0.00022172960124997146
0.0,0.0002216309142500583
0.0,0.0002215316090000631
0.0,0.00022152782250031868
0.0,0.00022147010125006414
0.0,0.00022142648249996437
0.0,0.00022142309799995364
0.0,0.00022141442500002526
0.0,0.00022135800499971126
0.0,0.0002213453102499463
0.0,0.00022119211325003673
0.0,0.0002210929449999596
0.0,0.00022101517450033063
0.0,0.00022092522500002714
0.0,0.00022089332500001147
0.0,0.00022082432499990166
0.0,0.00022080698900014018
0.0,0.00022074424825001355
0.0,0.00022062802250002832
0.0,0.00022057323525000863
0.0,0.00022056652825004473
0.0,0.00022047255324997194
0.0,0.00022044915625005657
0.0,0.00022044305449992016
0.0,0.00022041735249997627
0.0,0.000220393596249932
0.0,0.00022038647525003747
0.0,0.0002203816625000221
0.0,0.00022037438599982196
0.0,0.00022025872099999623
0.0,0.00022018763424968288
0.0,0.00022015092500004635
0.0,0.00022006111025002977
0.0,0.00022002421624998678
0.0,0.00021994434500004814
0.0,0.000219893124999945
0.0,0.00021962019599999476
0.0,0.00021954279999991167
0.0,0.00021950192499972567
0.0,0.00021948633699996316
0.0,0.00021948419125001985
0.0,0.00021944006825001203
0.0,0.00021935980625010685
0.0,0.0002193194240000538
0.0,0.00021930673699974745
0.0,0.00021930568200002952
0.0,0.0002192909892499513
0.0,0.00021927933650000712
0.0,0.00021926972500014574
0.0,0.00021926890250003426
0.0,0.00021925413725005979
0.0,0.00021919522500005555
0.0,0.0002191650992500149
0.0,0.0002191423812499033
0.0,0.00021910826249993024
0.0,0.00021907004200016623
0.0,0.0002190544524999566
0.0,0.00021890432649995375
0.0,0.00021886177999997636
0.0,0.00021882247250003218
0.0,0.00021878973699996962
0.0,0.00021864893425003418
0.0,0.00021864852500038377
0.0,0.00021862967124997612
0.0,0.0002185969272501813
0.0,0.00021852925000010682
0.0,0.00021852754224989547
0.0,0.00021848816449994922
0.0,0.00021846424999988952
0.0,0.00021845104200000069
0.0,0.00021825790650006487
0.0,0.00021824682850022292
0.0,0.00021824129300007685
0.0,0.00021804288125002748
0.0,0.000217967608999971
0.0,0.0002179305000000755
0.0,0.00021793032049994922
0.0,0.00021787034125022838
0.0,0.00021768803424991105
0.0,0.00021768180125006893
0.0,0.0002176657872501401
0.0,0.00021766170325001352
0.0,0.0002176313799996825
0.0,0.00021752733825012465
0.0,0.0002175218944996506
0.0,0.00021750462500001218
0.0,0.0002174976010000075
0.0,0.0002174812325001315
0.0,0.00021748065050010716
0.0,0.0002174300500003098
0.0,0.00021740646850012816
0.0,0.00021737316850003509
0.0,0.00021735222624995887
0.0,0.00021733931125002753
0.0,0.00021729975124980017
0.0,0.000217283224999992
0.0,0.00021712692499989696
0.0,0.0002170618685000083
0.0,0.00021702111924996664
0.0,0.0002168200900000104
0.0,0.0002167853312499714
0.0,0.00021672095124987116
0.0,0.00021661542500002112
0.0,0.00021654652500002406
0.0,0.0002164716249999598
0.0,0.000216383417000267
0.0,0.00021636435199997044
0.0,0.00021620407250003373
0.0,0.0002161738505000946
0.0,0.00021616313625000543
0.0,0.00021615895525007293
0.0,0.0002160906345000437
0.0,0.00021607885000006483
0.0,0.0002158902062499018
0.0,0.0002158596152498828
0.0,0.0002158064679999606
0.0,0.0002157264800000525
0.0,0.00021541455399996906
0.0,0.00021541381624997825
0.0,0.00021506475324989464
0.0,0.00021494096124996444
0.0,0.00021478290250004375
0.0,0.00021470861449992125
0.0,0.00021461460250034005
0.0,0.00021461142250003563
0.0,0.00021460991825006392
0.0,0.00021450963125001357
0.0,0.00021449307125042403
0.0,0.00021446208250008308
0.0,0.00021437328124994842
0.0,0.00021422319300032588
0.0,0.00021421520000020075
0.0,0.00021413837649999866
0.0,0.00021412946425003397
0.0,0.00021406512500001348
0.0,0.00021402958449980486
0.0,0.00021399963524999771
0.0,0.00021395961249969238
0.0,0.00021392361049982407
0.0,0.00021389506625003153
0.0,0.00021387026124996362
0.0,0.00021382030025012994
0.0,0.00021374725324999725
0.0,0.00021365850249959253
0.0,0.0002136054499999739
0.0,0.00021356992624994536
0.0,0.0002135685250000684
0.0,0.0002135325332500615
0.0,0.00021347442499993987
0.0,0.00021344162500005912
0.0,0.00021340219025009087
0.0,0.00021339919024997048
0.0,0.00021339821425058798
0.0,0.0002133921250000451
0.0,0.00021328837699981945
0.0,0.00021324125250021976
0.0,0.00021324096200004363
0.0,0.00021315116824994647
0.0,0.00021285446499997343
0.0,0.00021279612125000622
0.0,0.0002127258022500571
0.0,0.0002127221169996343
0.0,0.0002125303569999969
0.0,0.0002124513122502867
0.0,0.00021235907224999672
0.0,0.00021235489699997294
0.0,0.00021234712499995867
0.0,0.00021229922499992635
0.0,0.00021227222250059174
0.0,0.0002122184742499617
0.0,0.00021218817850012645
0.0,0.0002121491524999625
0.0,0.00021207924724998015
0.0,0.00021198490624998965
0.0,0.00021197439325015236
0.0,0.00021187994499997703
0.0,0.000211869085000077
0.0,0.00021182459124998365
0.0,0.00021178279124996367
0.0,0.00021178119999990495
0.0,0.0002117809000002418
0.0,0.00021164241425002686
0.0,0.0002115514902500061
0.0,0.0002115225305003688
0.0,0.00021151588625010925
0.0,0.00021147077224959872
0.0,0.00021145336999978549
0.0,0.00021133596725004267
0.0,0.00021124668500001944
0.0,0.0002111946904999093
0.0,0.00021118804899997423
0.0,0.00021117691850000193
0.0,0.0002110661592499582
0.0,0.0002110463192497428
0.0,0.00021103396200001753
0.0,0.0002110290032499628
0.0,0.00021093366399962824
0.0,0.00021092834600035875
0.0,0.00021086190500012978
0.0,0.00021082224999993628
0.0,0.00021076863725001433
0.0,0.00021075440424978462
0.0,0.0002106666250000093
0.0,0.000210661000000056
0.0,0.00021064932049995344
0.0,0.0002106069972500348
0.0,0.00021058842100005177
0.0,0.00021054795524994593
0.0,0.00021050180000005387
0.0,0.00021047448825003956
0.0,0.0002104150952500287
0.0,0.00021015328924996125
0.0,0.00021013358499986443
0.0,0.0002100862324998527
0.0,0.00021007393599974686
0.0,0.00020996382099985558
0.0,0.0002099122719997403
0.0,0.00020990789425029521
0.0,0.00020990788250029957
0.0,0.00020990359925006038
0.0,0.00020975801600025466
0.0,0.00020969980524989236
0.0,0.00020962161999997538
0.0,0.0002096136312500502
0.0,0.00020960462899995892
0.0,0.00020950176250030618
0.0,0.0002093999400001252
0.0,0.00020936933125007223
0.0,0.00020920350025000172
0.0,0.00020918551249983968
0.0,0.00020911567525018195
0.0,0.00020910372424931542
0.0,0.00020905065250009797
0.0,0.00020894588200006818
0.0,0.00020886147399995725
0.0,0.00020885000000032597
0.0,0.0002087926302498387
0.0,0.00020875163125026999
0.0,0.00020867350499993373
0.0,0.00020866242500002947
0.0,0.0002086591104999709
0.0,0.00020863512499990928
0.0,0.00020859946824981833
0.0,0.00020851134924994123
0.0,0.00020847520399995987
0.0,0.00020840253124996633
0.0,0.00020833280000005574
0.0,0.0002082440582499307
0.0,0.00020817453050002232
0.0,0.0002081285392499417
0.0,0.0002080848849998573
0.0,0.00020807230250005176
0.0,0.00020805591025040607
0.0,0.00020803291025002743
0.0,0.00020797583524981988
0.0,0.00020791443324987853
0.0,0.00020781405925007036
0.0,0.00020777379999998674
0.0,0.00020763908449992954
0.0,0.00020759802499996943
0.0,0.00020749248499999867
0.0,0.00020746733225001656
0.0,0.00020744092224999423
0.0,0.0002074294625000705
0.0,0.0002074188999999317
0.0,0.00020740052425000528
0.0,0.00020736076499996905
0.0,0.00020735920999995124
0.0,0.00020728164999994815
0.0,0.00020707217000010743
0.0,0.00020705529999998556
0.0,0.0002068996262501303
0.0,0.00020682351625000376
0.0,0.00020682068424994281
0.0,0.0002067306660001053
0.0,0.00020658766049999437
0.0,0.00020650989599978203
0.0,0.00020647375025017718
0.0,0.00020643664000003382
0.0,0.00020624936225036066
0.0,0.0002062329962496871
0.0,0.00020619609999998766
0.0,0.00020614414899980274
0.0,0.00020612770600005284
0.0,0.00020590515625008006
0.0,0.0002058179140000341
0.0,0.00020560066024999344
0.0,0.00020559985524983075
0.0,0.0002055781800001719
0.0,0.00020556879999998352
0.0,0.00020550716499990465
0.0,0.00020550120050001608
0.0,0.00020546352499990924
0.0,0.00020530844524975045
0.0,0.0002051938164993201
0.0,0.00020513240225016117
0.0,0.0002050165000000872
0.0,0.00020489725000001662
0.0,0.00020486717524998262
0.0,0.000204789422499946
0.0,0.00020472450850041095
0.0,0.00020467406125022447
0.0,0.0002046025985000251
0.0,0.00020457160025001548
0.0,0.00020454206899998324
0.0,0.00020436906649991027
0.0,0.00020417585225008077
0.0,0.00020409726025006234
0.0,0.00020402619699994988
0.0,0.0002040074352499805
0.0,0.00020383894249986984
0.0,0.00020383803700010174
0.0,0.00020367232449996077
0.0,0.00020352402450020298
0.0,0.00020350963999998795
0.0,0.0002034973684999441
0.0,0.0002034729625001119
0.0,0.00020342814049999143
0.0,0.00020341757250005816
0.0,0.000203327023249851
0.0,0.00020322353125025634
0.0,0.00020317090599972866
0.0,0.00020315647250013807
0.0,0.00020312873649991494
0.0,0.00020302175649986216
0.0,0.00020300443200004024
0.0,0.0002029810242500334
0.0,0.0002028647522499567
0.0,0.00020280812499997604
0.0,0.00020278347050005328
0.0,0.00020264944100005134
0.0,0.0002025793932501514
0.0,0.00020252704525015148
0.0,0.00020235571224999464
0.0,0.00020234055850008197
0.0,0.00020227736050000046
0.0,0.00020222748925033553
0.0,0.00020218921599998862
0.0,0.0002021843690002899
0.0,0.00020203894324998233
0.0,0.00020198724999999894
0.0,0.00020197692500002358
0.0,0.000201823249999965
0.0,0.0002016862322499343
0.0,0.00020159787050006998
0.0,0.0002015368345002591
0.0,0.0002014135249999131
0.0,0.00020137821800007472
0.0,0.00020132659999993547
0.0,0.00020130801849998245
0.0,0.00020124938725004022
0.0,0.00020122583199997662
0.0,0.0002011436890000406
0.0,0.0002011033562498209
0.0,0.00020109468725036382
0.0,0.00020107903999998808
0.0,0.0002010562340000335
0.0,0.0002009778500001583
0.0,0.00020092833999993306
0.0,0.00020075013799997985
0.0,0.00020069210525005903
0.0,0.00020068098725014113
0.0,0.0002006479084999626
0.0,0.00020063754499991855
0.0,0.00020052093125030214
0.0,0.00020046469699999502
0.0,0.0002004317162499675
0.0,0.00020038547050006607
0.0,0.00020026965425008712
0.0,0.00020024325000000758
0.0,0.00020017252449996812
0.0,0.0002000485352499504
0.0,0.0002000342612497443
0.0,0.00019989258124999287
0.0,0.00019989022500000836
0.0,0.00019979202050003186
0.0,0.00019978408124970282
0.0,0.00019975087025001496
0.0,0.00019972597449992505
0.0,0.0001997214762499154
0.0,0.00019971475325001334
0.0,0.00019965691599984242
0.0,0.0001996246759999887
0.0,0.0001995631572497668
0.0,0.000199520181249942
0.0,0.00019945414925002527
0.0,0.0001994530262498355
0.0,0.00019943310425033813
0.0,0.00019938117199992157
0.0,0.00019937502499995524
0.0,0.00019930518624993924
0.0,0.0001992349822499694
0.0,0.00019914608249995685
0.0,0.00019896508899995593
0.0,0.00019889533850005653
0.0,0.00019877416524993334
0.0,0.00019874802624986486
0.0,0.00019868746600026847
0.0,0.000198656980999685
0.0,0.00019859053625035516
0.0,0.00019857953125005482
0.0,0.00019854485825006307
0.0,0.00019851747624992865
0.0,0.00019846954525013405
0.0,0.00019844410324993273
0.0,0.00019836085000000549
0.0,0.00019832243125001908
0.0,0.00019830458825013258
0.0,0.0001980510632503503
0.0,0.00019800228099979772
0.0,0.00019798894100002797
0.0,0.0001978496424998968
0.0,0.00019779744999978363
0.0,0.00019776965000000254
0.0,0.00019775225000027736
0.0,0.00019774639925011466
0.0,0.00019772418125001777
0.0,0.00019770408325002752
0.0,0.00019769737850010402
0.0,0.000197599709000013
0.0,0.0001975209480000202
0.0,0.0001974877392499153
0.0,0.0001974846250000014
0.0,0.00019744725650000384
0.0,0.00019744516849966624
0.0,0.00019720302125003067
0.0,0.00019710539524991954
0.0,0.00019704342724997248
0.0,0.00019703915649996404
0.0,0.00019701623525007636
0.0,0.0001970027424999592
0.0,0.00019698686825000706
0.0,0.00019697764925000774
0.0,0.00019692038225000718
0.0,0.00019692014600011923
0.0,0.0001968937992499335
0.0,0.00019670302449999
0.0,0.00019665121825007486
0.0,0.0001965775810001052
0.0,0.00019651825000012544
0.0,0.00019648542825008962
0.0,0.0001964706250000055
0.0,0.00019637352049974835
0.0,0.00019631933725007886
0.0,0.00019631124000005508
0.0,0.00019626025625002545
0.0,0.00019624219424968324
0.0,0.00019622412499992645
0.0,0.00019621235250005827
0.0,0.00019615533249991776
0.0,0.00019614530000008516
0.0,0.00019605373849988761
0.0,0.00019600570125007593
0.0,0.0001959918025000756
0.0,0.0001959406204997737
0.0,0.00019593593124996836
0.0,0.00019589348500007877
0.0,0.00019588527400006209
0.0,0.0001958482012499807
0.0,0.0001958111065001056
0.0,0.0001957798504998665
0.0,0.000195728944999946
0.0,0.0001957230102500291
0.0,0.0001956864845000128
0.0,0.0001956255859998146
0.0,0.0001955906972500313
0.0,0.0001955146945000137
0.0,0.00019549801225003395
0.0,0.0001954555705000668
0.0,0.00019540227599993375
0.0,0.00019539115599992159
0.0,0.0001953783804999592
0.0,0.00019536538025001558
0.0,0.0001952762499999034
0.0,0.00019522609025005076
0.0,0.00019517982624991297
0.0,0.00019517522650000147
0.0,0.00019515707124971655
0.0,0.00019514549124993507
0.0,0.00019504359449987839
0.0,0.00019493894225004716
0.0,0.00019488362499961903
0.0,0.0001948501685000156
0.0,0.0001947192662500182
0.0,0.00019462855925003937
0.0,0.0001946160565001566
0.0,0.00019460740000005035
0.0,0.00019460672499970415
0.0,0.00019458245025005607
0.0,0.00019446312625006493
0.0,0.00019436317000005957
0.0,0.0001942655905002252
0.0,0.00019422019600000043
0.0,0.00019421312500005953
0.0,0.0001941860912500076
0.0,0.00019410816799994904
0.0,0.00019408862450003488
0.0,0.00019408387399959848
0.0,0.0001940021210000802
0.0,0.00019391754099995595
0.0,0.00019389317649988244
0.0,0.0001938786952499804
0.0,0.00019374972500008932
0.0,0.00019367140000007876
0.0,0.00019359145249999568
0.0,0.00019354882024997898
0.0,0.00019354434725002938
0.0,0.000193489261250003
0.0,0.0001934608520000178
0.0,0.00019344384999996853
0.0,0.0001934145432499951
0.0,0.0001933620249999173
0.0,0.0001932353592502527
0.0,0.0001932199824999712
0.0,0.00019319244800010348
0.0,0.00019309512124994791
0.0,0.0001929562352501304
0.0,0.00019293952500001762
0.0,0.00019288376325003696
0.0,0.00019284127649992283
0.0,0.00019282440125005398
0.0,0.0001927346485000029
0.0,0.0001926836972501061
0.0,0.00019264726625002816
0.0,0.0001926348564999601
0.0,0.00019262771524975998
0.0,0.0001924311642500031
0.0,0.00019241504999991806
0.0,0.00019238751249992892
0.0,0.00019233744999981963
0.0,0.0001922515592499874
0.0,0.00019223332000003118
0.0,0.00019220673650005202
0.0,0.00019197658125010735
0.0,0.00019191003250008498
0.0,0.0001917972900000517
0.0,0.00019178656625007726
0.0,0.00019178587250000945
0.0,0.00019176813800002993
0.0,0.00019176498049998335
0.0,0.00019174015400031982
0.0,0.00019169293524996003
0.0,0.0001916898249998901
0.0,0.00019166780900036325
0.0,0.00019165978599990785
0.0,0.00019164726924999074
0.0,0.0001916320500000075
0.0,0.00019160454125007398
0.0,0.00019160366125027458
0.0,0.00019156125424998582
0.0,0.00019140341424996174
0.0,0.00019134897799983017
0.0,0.0001913452649999556
0.0,0.00019131944900001812
0.0,0.0001912979682499645
0.0,0.00019119425524999554
0.0,0.0001911238562499546
0.0,0.00019109498599994586
0.0,0.00019106943725004307
0.0,0.00019105076449997082
0.0,0.00019099298249982457
0.0,0.0001909691022499061
0.0,0.00019092847925013956
0.0,0.0001909161312498887
0.0,0.0001908621325000728
0.0,0.00019084492100017016
0.0,0.000190824620499808
0.0,0.00019075747024993725
0.0,0.00019069709425027656
0.0,0.00019063360000005404
0.0,0.00019048223124996293
0.0,0.0001904066572500879
0.0,0.00019038280000012648
0.0,0.00019033565450004056
0.0,0.0001902990849995983
0.0,0.00019029075199993137
0.0,0.00019024728924975744
0.0,0.00019023064624988686
0.0,0.0001901481569999576
0.0,0.00019010897050007633
0.0,0.00019002917700019074
0.0,0.0001899414499994028
0.0,0.00018986930524987454
0.0,0.00018986163300006604
0.0,0.00018964261450045119
0.0,0.00018957778900006186
0.0,0.00018957325000029215
0.0,0.00018941702624998316
0.0,0.0001893957925001501
0.0,0.00018932866100000105
0.0,0.00018932333650008545
0.0,0.00018921418899978164
0.0,0.000189212048000185
0.0,0.00018918147125002868
0.0,0.00018916762500000467
0.0,0.00018914248000000415
0.0,0.0001891020132499277
0.0,0.00018907810899991767
0.0,0.00018895628050008664
0.0,0.00018895492625001537
0.0,0.00018895198249987906
0.0,0.00018893302400004773
0.0,0.00018887942599998497
0.0,0.00018884125449985536
0.0,0.00018875665000002531
0.0,0.0001887047352506727
0.0,0.00018866822499993905
0.0,0.00018866401449994186
0.0,0.00018862698099998533
0.0,0.00018845646624998788
0.0,0.0001884555249999637
0.0,0.00018842546599990778
0.0,0.00018828072499992677
0.0,0.0001882755865000405
0.0,0.0001882325609999721
0.0,0.00018818427624999026
0.0,0.00018814325000003485
0.0,0.00018813316249989887
0.0,0.00018812508324999344
0.0,0.00018808539424998132
0.0,0.0001879704124999285
0.0,0.00018796441925002038
0.0,0.00018794860225002037
0.0,0.00018791444500002402
0.0,0.00018786365825011032
0.0,0.00018785685025001365
0.0,0.00018783885699995918
0.0,0.00018783199825004554
0.0,0.00018777982725001535
0.0,0.0001877763285000231
0.0,0.00018776176900002595
0.0,0.00018768049525000997
0.0,0.00018767778250004382
0.0,0.00018764139649999647
0.0,0.00018760592499995866
0.0,0.00018741993799998606
0.0,0.00018741385000001508
0.0,0.00018737554924999492
0.0,0.000187356162499994
0.0,0.00018735229624996814
0.0,0.00018735192499993563
0.0,0.0001873150662498582
0.0,0.0001872506249999906
0.0,0.0001872326419996943
0.0,0.00018722313625009314
0.0,0.00018717995925009718
0.0,0.00018716840000000494
0.0,0.0001871428000000779
0.0,0.00018702396424986355
0.0,0.0001868951412500696
0.0,0.00018686529624996047
0.0,0.000186828151249914
0.0,0.00018679712000017258
0.0,0.00018674294899984452
0.0,0.00018671773249998684
0.0,0.00018666681999984845
0.0,0.00018650236024997293
0.0,0.00018648400449995344
0.0,0.00018645093049992294
0.0,0.0001864177212502321
0.0,0.00018639032899989792
0.0,0.00018637608625008932
0.0,0.00018635927524997983
0.0,0.0001863142482499307
0.0,0.00018630727249993785
0.0,0.00018619518100002937
0.0,0.00018610042250005634
0.0,0.00018604500624994557
0.0,0.0001860368000000318
0.0,0.00018598930000004562
0.0,0.0001859125249999734
0.0,0.0001857870182500612
0.0,0.00018578112499997678
0.0,0.00018566811124995914
0.0,0.0001856646125000144
0.0,0.00018563033599999041
0.0,0.00018557923400000016
0.0,0.00018557868124984591
0.0,0.00018552077825002231
0.0,0.00018549325925000968
0.0,0.00018548069000003125
0.0,0.00018545130850007932
0.0,0.0001854347650000871
0.0,0.0001853730499999359
0.0,0.0001852493664998551
0.0,0.00018522277699999432
0.0,0.0001852107492500173
0.0,0.00018515185325010473
0.0,0.00018513966024994293
0.0,0.0001851364302499883
0.0,0.00018512438799998075
0.0,0.00018511907599998834
0.0,0.0001850753832499675
0.0,0.00018497557525006434
0.0,0.00018485368224997045
0.0,0.0001848080800002361
0.0,0.00018475827925003115
0.0,0.0001847185625000475
0.0,0.00018471427250021406
0.0,0.0001846937689999618
0.0,0.00018468581049994756
0.0,0.0001846536242500001
0.0,0.00018462816250002523
0.0,0.00018460705300003079
0.0,0.00018448662500012024
0.0,0.00018446102125014514
0.0,0.00018445025000004173
0.0,0.0001844166542496317
0.0,0.00018438858425005747
0.0,0.00018437098499999278
0.0,0.00018433563249991008
0.0,0.00018429332500001088
0.0,0.00018428269250013777
0.0,0.0001841995625001237
0.0,0.00018419672499997116
0.0,0.00018419668824976506
0.0,0.00018418113424965973
0.0,0.00018417575124996205
0.0,0.0001841573225002597
0.0,0.0001841492304999821
0.0,0.00018410517024986726
0.0,0.0001839969572499167
0.0,0.00018392021824993086
0.0,0.0001838813065000235
0.0,0.0001838233690001657
0.0,0.0001837341249999613
0.0,0.00018368233700000853
0.0,0.000183669532250019
0.0,0.0001835447012500623
0.0,0.00018354000124998947
0.0,0.00018353054800004023
0.0,0.00018341178849996825
0.0,0.00018336137799986846
0.0,0.0001833524499999902
0.0,0.00018334530924993405
0.0,0.00018330492100004117
0.0,0.00018330078324988345
0.0,0.00018329211024998448
0.0,0.00018320905000028748
0.0,0.00018314699600000228
0.0,0.00018314585000005196
0.0,0.00018312252499997554
0.0,0.00018307643524995983
0.0,0.0001830547802502557
0.0,0.00018300540050032222
0.0,0.0001828995999999959
0.0,0.0001828864250000477
0.0,0.00018283573624996047
0.0,0.00018280145000004695
0.0,0.00018278322500022323
0.0,0.00018277535699997273
0.0,0.00018275401250000248
0.0,0.0001826875249998614
0.0,0.00018253683124994584
0.0,0.00018243694624995392
0.0,0.0001824117745000253
0.0,0.00018231993700017237
0.0,0.0001822364504999258
0.0,0.0001822334585000167
0.0,0.0001822241284999989
0.0,0.00018221759299976944
0.0,0.00018218043625004503
0.0,0.00018210665125000121
0.0,0.00018203635325002366
0.0,0.00018190728900014318
0.0,0.00018190341425004182
0.0,0.0001818622412500348
0.0,0.00018183525424983105
0.0,0.00018177928925004289
0.0,0.00018176709849999987
0.0,0.00018174018049982283
0.0,0.00018167834449999505
0.0,0.00018166043024943842
0.0,0.0001816293312498968
0.0,0.00018154851699999597
0.0,0.00018152046024997673
0.0,0.00018149628249993893
0.0,0.00018142483024991945
0.0,0.00018142352800003614
0.0,0.00018141484325006146
0.0,0.0001813727450002515
0.0,0.00018136558025000154
0.0,0.00018118113249999057
0.0,0.0001811006892499799
0.0,0.0001810664329999769
0.0,0.00018105462499993412
0.0,0.00018105050000038044
0.0,0.0001810035745000179
0.0,0.00018098123425002092
0.0,0.0001809384702501103
0.0,0.00018090377225005573
0.0,0.00018076116500002475
0.0,0.00018074536099999423
0.0,0.00018068691399997434
0.0,0.00018067082500000358
0.0,0.00018063394450002583
0.0,0.00018060282499993138
0.0,0.00018057742624973366
0.0,0.00018051402725016995
0.0,0.00018047284999996287
0.0,0.00018043764999986007
0.0,0.0001804279932498885
0.0,0.00018042614324990374
0.0,0.00018039805924991622
0.0,0.00018037729124992767
0.0,0.00018032059124966813
0.0,0.00018031600025005326
0.0,0.0001802560105000293
0.0,0.00018023187625002663
0.0,0.00018013722025002885
0.0,0.00018010240625009497
0.0,0.00018007748525001303
0.0,0.00017998156100005794
0.0,0.00017990732499996483
0.0,0.00017989660025003083
0.0,0.00017989200850004183
0.0,0.00017979468625022998
0.0,0.00017970601999991418
0.0,0.00017962948100014374
0.0,0.00017960418725001943
0.0,0.00017959104124999086
0.0,0.00017958933924989417
0.0,0.00017950094100003958
0.0,0.00017948499999999472
0.0,0.00017945856000008565
0.0,0.0001794439104999475
0.0,0.0001794329365002965
0.0,0.00017941199225006505
0.0,0.00017936576049999546
0.0,0.00017931351325025345
0.0,0.0001793020045000357
0.0,0.00017928883249999428
0.0,0.0001792586112493954
0.0,0.00017924703250002763
0.0,0.00017924693124998458
0.0,0.00017922365000009948
0.0,0.00017922003025006532
0.0,0.00017911367125002166
0.0,0.000178998823250085
0.0,0.0001789569762502336
0.0,0.00017890558825005783
0.0,0.0001788582305000155
0.0,0.00017884202900060803
0.0,0.0001788306500001328
0.0,0.00017876028649995733
0.0,0.000178750924999979
0.0,0.00017870907400001422
0.0,0.000178704760999965
0.0,0.00017866950249994162
0.0,0.00017860925000002777
0.0,0.00017848937650026385
0.0,0.0001784801272500034
0.0,0.00017842952425025445
0.0,0.0001783107364999561
0.0,0.00017823996125009006
0.0,0.0001781876142501539
0.0,0.0001781756999999763
0.0,0.0001781638272500669
0.0,0.00017803734499998586
0.0,0.0001779879372499439
0.0,0.00017789481124998424
0.0,0.00017787211024997067
0.0,0.00017783912524997958
0.0,0.00017781384100023047
0.0,0.00017774645125005311
0.0,0.00017773213000001466
0.0,0.0001776850002500422
0.0,0.00017763506899992572
0.0,0.0001776226412498979
0.0,0.0001776185330000544
0.0,0.00017761619825024425
0.0,0.00017751360799997238
0.0,0.00017743676624991058
0.0,0.000177388530249899
0.0,0.00017737566925004827
0.0,0.00017735713249996277
0.0,0.00017733582500004184
0.0,0.00017733462500005466
0.0,0.00017723705000004627
0.0,0.0001772254324999107
0.0,0.00017721985999994354
0.0,0.00017715262500007223
0.0,0.00017715083525001008
0.0,0.00017711524999997562
0.0,0.0001770924184999948
0.0,0.00017708786100004297
0.0,0.0001770828432498854
0.0,0.00017696112625002815
0.0,0.00017692582499998372
0.0,0.0001768883330000614
0.0,0.00017686911624991024
0.0,0.00017685041800000493
0.0,0.00017684290000008024
0.0,0.00017682496624995674
0.0,0.00017677008049999619
0.0,0.00017667562499988247
0.0,0.0001765961552499421
0.0,0.00017654602499995496
0.0,0.00017653532500009418
0.0,0.00017640897624993798
0.0,0.00017638389324997985
0.0,0.00017632233125005516
0.0,0.00017632109800026706
0.0,0.00017630139124995818
0.0,0.00017628792500002836
0.0,0.00017623588449996937
0.0,0.0001762232524999613
0.0,0.00017615977600001723
0.0,0.00017614313424995338
0.0,0.0001761049249999923
0.0,0.00017607092500007059
0.0,0.00017602267300019606
0.0,0.00017600735525005788
0.0,0.0001759713572500031
0.0,0.0001759164499998828
0.0,0.00017585197249994703
0.0,0.00017574559999998903
0.0,0.0001756914369999461
0.0,0.00017561391425024777
0.0,0.00017552862324997565
0.0,0.00017548942225008773
0.0,0.00017540365825006193
0.0,0.0001754009042499168
0.0,0.00017523977799990982
0.0,0.00017515766825006916
0.0,0.00017512373800036564
0.0,0.00017509861025012842
0.0,0.00017507784999989847
0.0,0.00017507335625001032
0.0,0.00017502642100010088
0.0,0.0001749723682502252
0.0,0.00017493775700000203
0.0,0.00017493594424999875
0.0,0.00017487201424963385
0.0,0.0001748528524999973
0.0,0.0001747976802499826
0.0,0.0001747733089999176
0.0,0.0001747393482502176
0.0,0.00017455161250004821
0.0,0.00017453049724988493
0.0,0.00017447128625001603
0.0,0.0001744007162499784
0.0,0.0001743769462497306
0.0,0.00017431889425005096
0.0,0.00017431094499991665
0.0,0.00017430925000002024
0.0,0.00017424930125011106
0.0,0.00017422770624995733
0.0,0.00017422307600000565
0.0,0.0001741930362499628
0.0,0.00017416814500002264
0.0,0.00017410754425000038
0.0,0.00017410687625024192
0.0,0.00017410499999997032
0.0,0.00017404842499994108
0.0,0.00017399520625000587
0.0,0.0001738564352500133
0.0,0.00017384850900004897
0.0,0.00017378410049975068
0.0,0.00017376685325001866
0.0,0.0001736999392501429
0.0,0.00017366744199992677
0.0,0.00017363715200019355
0.0,0.0001736337912499707
0.0,0.0001735911652501145
0.0,0.00017357982100006875
0.0,0.00017345594499993766
0.0,0.00017344514049989307
0.0,0.0001734153992497528
0.0,0.0001733625032498761
0.0,0.00017335231524995878
0.0,0.00017325823624997805
0.0,0.00017311428500004316
0.0,0.00017310578000008292
0.0,0.00017307561125000576
0.0,0.00017307413225000915
0.0,0.00017304676324993775
0.0,0.00017301567624972185
0.0,0.0001729144344999306
0.0,0.00017287956624997296
0.0,0.0001728230765001933
0.0,0.00017278445924994863
0.0,0.0001727357282499647
0.0,0.00017267032399996877
0.0,0.00017265632799956952
0.0,0.00017258945124991462
0.0,0.00017258316999989174
0.0,0.00017251904125008472
0.0,0.0001724930000001007
0.0,0.00017248541450005329
0.0,0.00017248033625054702
0.0,0.0001723431072500219
0.0,0.00017226480800024147
0.0,0.00017223805000008468
0.0,0.0001721672612500037
0.0,0.00017209348249998079
0.0,0.00017207048499992273
0.0,0.00017205263525004849
0.0,0.0001720424582502998
0.0,0.0001719131599999703
0.0,0.0001718994792499933
0.0,0.0001718753125000947
0.0,0.00017184499999996125
0.0,0.00017179368250016638
0.0,0.00017173852924997344
0.0,0.0001716589249999929
0.0,0.0001716427370001019
0.0,0.00017163803449995435
0.0,0.00017157415325007555
0.0,0.00017156131249997336
0.0,0.00017148523600006249
0.0,0.00017141012500009108
0.0,0.00017132564649944106
0.0,0.0001712598522500217
0.0,0.0001712360340000904
0.0,0.00017118195525003978
0.0,0.0001710241812502744
0.0,0.00017099497324991704
0.0,0.00017098100224986545
0.0,0.00017096567225001314
0.0,0.00017085212499999623
0.0,0.00017083918125005944
0.0,0.00017083445525002507
0.0,0.00017081985049994532
0.0,0.00017072844999998311
0.0,0.0001707157372500921
0.0,0.00017070804999983833
0.0,0.00017066075525015104
0.0,0.00017059362499999026
0.0,0.00017057978600005255
0.0,0.00017051691325012825
0.0,0.000170460508999985
0.0,0.00017044533325013414
0.0,0.00017043942499966484
0.0,0.00017040751324994772
0.0,0.00017040580624991424
0.0,0.00017038820499998264
0.0,0.0001703119332499676
0.0,0.00017025956224972442
0.0,0.00017023904125016177
0.0,0.00017022833425007426
0.0,0.00017021272999998585
0.0,0.0001700633732500304
0.0,0.00016996485124992373
0.0,0.00016994688525007564
0.0,0.00016991994925019249
0.0,0.00016991482499996346
0.0,0.00016988067249995353
0.0,0.00016978608449974585
0.0,0.00016977276100005572
0.0,0.00016976442925006508
0.0,0.00016969196900003188
0.0,0.00016967804900058477
0.0,0.00016967667725008957
0.0,0.00016963899125009766
0.0,0.0001696184972499854
0.0,0.0001696155062499688
0.0,0.00016961172649972563
0.0,0.00016945782499999538
0.0,0.00016940297025000442
0.0,0.0001693759825003092
0.0,0.00016935936249997167
0.0,0.00016935457600020164
0.0,0.00016934359524998474
0.0,0.00016933757450006127
0.0,0.0001692091202501651
0.0,0.0001691536882501155
0.0,0.00016915176499994233
0.0,0.00016913524999998632
0.0,0.00016913361625007877
0.0,0.00016910480000010105
0.0,0.00016908579250003277
0.0,0.0001690828199999156
0.0,0.0001690297872500944
0.0,0.00016889877650010825
0.0,0.00016886656900009427
0.0,0.00016886631250002926
0.0,0.00016884879524996986
0.0,0.00016878718849996227
0.0,0.0001687443280000043
0.0,0.00016874221325000242
0.0,0.0001687237044999893
0.0,0.00016868916249999108
0.0,0.0001686385292499946
0.0,0.00016862156725001238
0.0,0.00016860861700004643
0.0,0.00016858085000016562
0.0,0.00016858028449998625
0.0,0.00016856775999996894
0.0,0.00016855921024996927
0.0,0.00016853220224989833
0.0,0.00016851608825005495
0.0,0.00016843382449998752
0.0,0.00016840384100020293
0.0,0.000168325266500045
0.0,0.00016831836050010057
0.0,0.00016830523250012513
0.0,0.00016830511849967643
0.0,0.00016830122824995373
0.0,0.0001682091859999694
0.0,0.0001681083012498272
0.0,0.0001681060722500404
0.0,0.00016802547124992643
0.0,0.0001679444259997295
0.0,0.00016790935850003323
0.0,0.00016786899424994117
0.0,0.00016785496249986306
0.0,0.0001678033625000583
0.0,0.0001677677664999497
0.0,0.00016771470725005546
0.0,0.00016765843399991535
0.0,0.00016763097124981166
0.0,0.0001675832472500031
0.0,0.00016753889124989244
0.0,0.0001674520249997684
0.0,0.0001674500952502325
0.0,0.00016743095199993254
0.0,0.0001674216504999994
0.0,0.00016742146325002778
0.0,0.0001673666319999999
0.0,0.0001673471162500283
0.0,0.00016732724000006414
0.0,0.0001673000500000157
0.0,0.00016728940625021266
0.0,0.00016728498425022404
0.0,0.00016722702924994536
0.0,0.00016719435325001855
0.0,0.00016718163625003955
0.0,0.00016716422224977834
0.0,0.0001671518499999774
0.0,0.00016710811325000872
0.0,0.00016706134099992044
0.0,0.00016694468499999147
0.0,0.00016691392824997903
0.0,0.00016689803125003792
0.0,0.0001668066499999917
0.0,0.00016673736500031323
0.0,0.0001667151962502659
0.0,0.00016666323725025219
0.0,0.00016664650600001292
0.0,0.00016659447849994054
0.0,0.00016659301249984354
0.0,0.00016657481124994445
0.0,0.00016645592500035182
0.0,0.00016639688225000807
0.0,0.0001663639152499554
0.0,0.00016627875925006246
0.0,0.00016605640000005346
0.0,0.00016603452500001543
0.0,0.00016602884999992692
0.0,0.00016600112224968643
0.0,0.00016598422025000757
0.0,0.00016596965249998188
0.0,0.00016596812449997964
0.0,0.00016596722224978728
0.0,0.00016592859424999386
0.0,0.0001658122062498369
0.0,0.00016578444999989502
0.0,0.0001657182249999389
0.0,0.00016570409124995862
0.0,0.00016557251825002743
0.0,0.00016553491025000694
0.0,0.00016547365000015452
0.0,0.00016547146850032506
0.0,0.00016538580324993742
0.0,0.00016535371849999542
0.0,0.00016527348125005436
0.0,0.00016515483125013474
0.0,0.00016506746600000217
0.0,0.00016502090624999143
0.0,0.00016501513624992808
0.0,0.00016500889925005356
0.0,0.00016497439824993598
0.0,0.0001649621170000262
0.0,0.00016494694250000997
0.0,0.0001649421432499575
0.0,0.00016491120924991065
0.0,0.0001648521012499791
0.0,0.00016483534625015626
0.0,0.00016478408025001807
0.0,0.00016475609025013517
0.0,0.00016474649724995775
0.0,0.0001646947249998541
0.0,0.00016456656249996037
0.0,0.00016456644650021104
0.0,0.00016455143699990526
0.0,0.0001645321252500201
0.0,0.00016450801425004315
0.0,0.00016447772899997763
0.0,0.00016447579024991
0.0,0.00016447408924984345
0.0,0.00016445903225001493
0.0,0.00016439050000004513
0.0,0.00016437228099994426
0.0,0.00016434623049997414
0.0,0.00016432278324995703
0.0,0.00016431006250003534
0.0,0.00016428461424985516
0.0,0.00016426497050000952
0.0,0.00016424281250042088
0.0,0.00016424199699999442
0.0,0.0001642318592499365
0.0,0.00016418592499999494
0.0,0.0001641722900000778
0.0,0.0001640574822500081
0.0,0.0001640263249997817
0.0,0.000164011152499956
0.0,0.00016396942899993494
0.0,0.00016394807050009624
0.0,0.0001639316702501641
0.0,0.00016392300999995435
0.0,0.00016390432999996391
0.0,0.00016387867024998467
0.0,0.00016384832900003757
0.0,0.00016383035449993422
0.0,0.00016382015525024112
0.0,0.00016381625125003668
0.0,0.00016381072249997
0.0,0.00016379553125000693
0.0,0.00016378620249975326
0.0,0.00016373305000010508
0.0,0.0001636073742499741
0.0,0.00016357459625010608
0.0,0.00016356265000004323
0.0,0.00016351439049993886
0.0,0.00016350611624998002
0.0,0.00016347975850002062
0.0,0.0001634376724999525
0.0,0.00016342100000015474
0.0,0.00016340289924983165
0.0,0.00016336729824980466
0.0,0.0001633542152502072
0.0,0.00016334311449993664
0.0,0.00016326624624994537
0.0,0.0001632444662499919
0.0,0.00016319587250011706
0.0,0.00016313637424991077
0.0,0.0001631294442499758
0.0,0.0001631073212499539
0.0,0.00016306789699994514
0.0,0.00016295064250009775
0.0,0.00016294955400001442
0.0,0.00016294140924998476
0.0,0.00016287328124998474
0.0,0.000162842904249992
0.0,0.00016278076900015355
0.0,0.00016275898125008747
0.0,0.00016275146500007438
0.0,0.0001627205770000788
0.0,0.00016270566250033556
0.0,0.0001626944799999749
0.0,0.0001626230702499824
0.0,0.0001625794704999323
0.0,0.00016257567325005966
0.0,0.00016250768500009635
0.0,0.00016250484624999673
0.0,0.0001624796570000405
0.0,0.00016246591825036017
0.0,0.0001624297409999553
0.0,0.00016240856125002143
0.0,0.0001624024092499032
0.0,0.00016238701525005686
0.0,0.00016230739450026393
0.0,0.00016227540250004317
0.0,0.0001622703192499953
0.0,0.00016222116849996828
0.0,0.000162211081250018
0.0,0.0001621967810000463
0.0,0.00016215829449977526
0.0,0.00016212723524998974
0.0,0.00016210884999994212
0.0,0.00016202913624990752
0.0,0.0001620146930000791
0.0,0.00016198832499990035
0.0,0.00016190290849995854
0.0,0.00016186774250015207
0.0,0.0001618651729999846
0.0,0.00016185691699995125
0.0,0.00016181513125002408
0.0,0.00016180087625007324
0.0,0.00016178665850041503
0.0,0.00016178397700002838
0.0,0.00016167893424996413
0.0,0.0001616372680002147
0.0,0.0001615551144997181
0.0,0.0001615188250000358
0.0,0.00016147048449999108
0.0,0.00016145649999985102
0.0,0.00016138768399989986
0.0,0.00016138192625002597
0.0,0.00016137596025011093
0.0,0.00016137243625002982
0.0,0.00016135627524999687
0.0,0.00016122359699996173
0.0,0.00016116893199968316
0.0,0.00016116260224998644
0.0,0.00016114182100006227
0.0,0.00016109753224988177
0.0,0.0001610863560000042
0.0,0.0001610706012499341
0.0,0.00016098780025004586
0.0,0.0001609727719999915
0.0,0.0001609197459999998
0.0,0.0001609182305002707
0.0,0.00016089276025005878
0.0,0.0001608485649999739
0.0,0.00016080950424969935
0.0,0.00016080120999999598
0.0,0.00016075927400004017
0.0,0.00016074279424980458
0.0,0.00016071234100023486
0.0,0.00016067376200019592
0.0,0.0001606386499999465
0.0,0.0001606035985000193
0.0,0.0001606032092498723
0.0,0.00016058642499998269
0.0,0.00016056742224997817
0.0,0.00016055956925005614
0.0,0.00016053255124965192
0.0,0.00016052487124985226
0.0,0.0001604865329999733
0.0,0.00016048092125005552
0.0,0.00016047765625007876
0.0,0.00016045380200003495
0.0,0.00016043056649998942
0.0,0.00016039677649972404
0.0,0.00016034074224996123
0.0,0.00016031632825000978
0.0,0.00016031076025005176
0.0,0.0001602632825002978
0.0,0.00016016901124990497
0.0,0.00016015106724994355
0.0,0.0001601160499999824
0.0,0.00016007634500007966
0.0,0.0001600312032501567
0.0,0.00016002383050021677
0.0,0.00016002003125005298
0.0,0.0001600189645001276
0.0,0.00016001084250004998
0.0,0.000159995667250068
0.0,0.0001599721652499486
0.0,0.0001599687129999027
0.0,0.0001599568900000203
0.0,0.00015993109025013065
0.0,0.00015990975925030547
0.0,0.00015988542025001314
0.0,0.0001598656999999821
0.0,0.0001598462612500117
0.0,0.00015982656500014287
0.0,0.0001597858632500806
0.0,0.00015969795724996027
0.0,0.00015966235624997055
0.0,0.0001596279609999508
0.0,0.0001596210672500139
0.0,0.00015959034400033775
0.0,0.00015956327925001205
0.0,0.000159546768999974
0.0,0.00015949806099996392
0.0,0.00015948760899997508
0.0,0.00015948567049995467
0.0,0.000159445024999957
0.0,0.00015939976824995991
0.0,0.0001593358600000075
0.0,0.00015933173124997677
0.0,0.0001593179785000175
0.0,0.00015923833700005267
0.0,0.00015923611324997856
0.0,0.0001591915625000248
0.0,0.00015917484999994583
0.0,0.00015913835324977169
0.0,0.00015912270899993335
0.0,0.0001590642002497663
0.0,0.0001590634325000279
0.0,0.0001590350612500492
0.0,0.00015902538625009585
0.0,0.00015900405525022624
0.0,0.00015897328849997898
0.0,0.00015893960000027015
0.0,0.00015891959199996336
0.0,0.00015889965025003318
0.0,0.00015888452500002577
0.0,0.00015884910625014624
0.0,0.00015882606500004938
0.0,0.0001588209722499864
0.0,0.00015879541849984512
0.0,0.00015875412500005503
0.0,0.00015873797125036214
0.0,0.00015862582124999509
0.0,0.00015859243250002968
0.0,0.0001585689624999826
0.0,0.00015853481799997404
0.0,0.0001585103524998997
0.0,0.00015848820850004297
0.0,0.00015844842500003695
0.0,0.00015844640799996218
0.0,0.00015835330024985674
0.0,0.0001583448812500187
0.0,0.00015833096100004152
0.0,0.00015832359999998894
0.0,0.00015831498624996706
0.0,0.00015827253124997456
0.0,0.00015827242924978247
0.0,0.00015818910124973596
0.0,0.00015816771724994183
0.0,0.00015816368524988576
0.0,0.00015799167225001077
0.0,0.0001579819085000282
0.0,0.00015797005300001899
0.0,0.00015796211124991663
0.0,0.00015794378650004252
0.0,0.00015783182499995088
0.0,0.00015781610000005307
0.0,0.00015779117050005554
0.0,0.00015777465299997078
0.0,0.0001576783742500756
0.0,0.0001576476250000502
0.0,0.0001575370250000738
0.0,0.00015750814224995807
0.0,0.00015747126925009516
0.0,0.0001574661204999365
0.0,0.00015746273524992613
0.0,0.00015744856900001673
0.0,0.00015744095224996688
0.0,0.0001574351284999989
0.0,0.00015743267325008987
0.0,0.00015738664924999657
0.0,0.0001573576925000405
0.0,0.00015731371224998486
0.0,0.0001572683379999343
0.0,0.00015725419299999243
0.0,0.00015721130524993813
0.0,0.00015720692000032835
0.0,0.00015716638449975455
0.0,0.00015701639050001587
0.0,0.0001569987462499929
0.0,0.00015699258099992943
0.0,0.00015696173524968563
0.0,0.00015695181125002046
0.0,0.0001568922649999772
0.0,0.00015687430624996315
0.0,0.00015687308824994723
0.0,0.0001568720905000949
0.0,0.00015681300850004648
0.0,0.00015679248124985648
0.0,0.00015679109824995747
0.0,0.0001567568665002351
0.0,0.00015665889649995273
0.0,0.00015658953125008017
0.0,0.00015655262499989566
0.0,0.00015653612724991892
0.0,0.0001564997930002761
0.0,0.0001564899272500553
0.0,0.0001564867124999501
0.0,0.0001564809332500368
0.0,0.00015647913424974338
0.0,0.0001564483022499429
0.0,0.00015644092025005263
0.0,0.00015643294599969118
0.0,0.00015636199725003552
0.0,0.00015633674124993218
0.0,0.00015630532999990119
0.0,0.00015625743724998958
0.0,0.00015624318125004327
0.0,0.00015623615249994857
0.0,0.00015619489624999465
0.0,0.00015618255725001977
0.0,0.0001560771649998027
0.0,0.00015601962499995196
0.0,0.00015601211424997208
0.0,0.00015599656999979247
0.0,0.00015594778399985904
0.0,0.00015592863249991635
0.0,0.00015588677924993773
0.0,0.00015586482500002226
0.0,0.00015582943624985025
0.0,0.00015582541524995997
0.0,0.00015582324125005238
0.0,0.0001557980412499854
0.0,0.00015579519049970674
0.0,0.00015575100125003695
0.0,0.00015571950925004596
0.0,0.0001557162312500123
0.0,0.00015569151424994917
0.0,0.00015565692250003014
0.0,0.00015556948024998755
0.0,0.000155564930000178
0.0,0.0001555066722500411
0.0,0.00015543953450000166
0.0,0.00015537640325024026
0.0,0.00015532876125005408
0.0,0.00015529535299992246
0.0,0.000155274050000027
0.0,0.00015526100000007808
0.0,0.0001552560424999881
0.0,0.00015524255699999484
0.0,0.00015524091249999954
0.0,0.00015521030050008968
0.0,0.00015520120900000436
0.0,0.0001551974809999624
0.0,0.00015515742125006993
0.0,0.00015511772799996397
0.0,0.0001550227165001336
0.0,0.0001549934020000519
0.0,0.00015496887850003155
0.0,0.0001549560999999514
0.0,0.00015491852449996474
0.0,0.00015490630625016413
0.0,0.00015488989224997672
0.0,0.0001548339999999688
0.0,0.00015482909000004118
0.0,0.0001548056499999838
0.0,0.0001547890825000142
0.0,0.00015475010000009687
0.0,0.00015469529524990766
0.0,0.00015469377625002505
0.0,0.00015463107624995044
0.0,0.0001546009225000066
0.0,0.00015456628899997832
0.0,0.0001545467345000393
0.0,0.00015452666125005264
0.0,0.00015451298125022857
0.0,0.00015448392100000843
0.0,0.0001544498482499248
0.0,0.00015439345449991685
0.0,0.0001543875312498731
0.0,0.00015433492499995673
0.0,0.00015428269250001507
0.0,0.00015424245699991124
0.0,0.0001542244765000018
0.0,0.00015419449125001373
0.0,0.0001541578249997631
0.0,0.0001540925112500669
0.0,0.00015401624824982316
0.0,0.00015399820449995592
0.0,0.00015397492624986638
0.0,0.0001539058112500284
0.0,0.0001538979424998888
0.0,0.00015388691425005503
0.0,0.00015387390625002718
0.0,0.00015385305324990456
0.0,0.00015379592500000322
0.0,0.00015379003625001482
0.0,0.00015378594724998242
0.0,0.000153763275249971
0.0,0.00015363467425002738
0.0,0.0001535541312499554
0.0,0.00015344945325000082
0.0,0.00015343572499978606
0.0,0.00015340130124996552
0.0,0.0001533362500000569
0.0,0.00015328160499996396
0.0,0.0001532704502498896
0.0,0.00015325647324995582
0.0,0.00015324541624998027
0.0,0.00015323381049978113
0.0,0.00015323172499981283
0.0,0.00015322998500000843
0.0,0.00015322286800027276
0.0,0.00015321812499990983
0.0,0.00015319886800004647
0.0,0.00015318593999999577
0.0,0.00015318115625011884
0.0,0.00015317488325004071
0.0,0.00015314035325005653
0.0,0.0001531302369999657
0.0,0.0001531156250000166
0.0,0.00015310044625004737
0.0,0.0001530879312499773
0.0,0.00015308553124999635
0.0,0.00015305851599975263
0.0,0.0001530439060001136
0.0,0.00015304030850015293
0.0,0.00015303843025001282
0.0,0.0001529893682501268
0.0,0.0001529370602501595
0.0,0.00015293292500000844
0.0,0.00015290684999998648
0.0,0.00015289947124994002
0.0,0.000152895673250052
0.0,0.0001528828452500236
0.0,0.0001528698182500514
0.0,0.00015282526849972128
0.0,0.00015280791124999558
0.0,0.0001527898722499804
0.0,0.0001527241862497278
0.0,0.00015270393724997584
0.0,0.00015267929299997237
0.0,0.00015263529799982553
0.0,0.00015262718500004937
0.0,0.0001525967562498929
0.0,0.0001525353049999441
0.0,0.00015248102500000195
0.0,0.0001524678024999559
0.0,0.00015244558849966742
0.0,0.00015244072925000912
0.0,0.00015241363924995793
0.0,0.00015235795250009704
0.0,0.00015235124650005656
0.0,0.00015234057000008912
0.0,0.00015233242225012465
0.0,0.00015220386124996146
0.0,0.00015219063125002417
0.0,0.00015217550450002265
0.0,0.00015212160850008448
0.0,0.0001520416250000096
0.0,0.00015202716849995834
0.0,0.00015201332899991677
0.0,0.00015195724325000524
0.0,0.00015195290499996915
0.0,0.0001519203169999186
0.0,0.00015191013025006266
0.0,0.00015176535700027496
0.0,0.00015175691425010307
0.0,0.0001517495449999563
0.0,0.00015173545000014935
0.0,0.00015173457024981102
0.0,0.00015165225050005872
0.0,0.00015163949125006392
0.0,0.00015162972624998896
0.0,0.00015158910825001018
0.0,0.00015156900199992206
0.0,0.0001515610970000261
0.0,0.00015155521250000432
0.0,0.0001515547690001414
0.0,0.00015154271325008167
0.0,0.00015154095125007884
0.0,0.0001514539772500087
0.0,0.0001514145002499544
0.0,0.00015140360049971822
0.0,0.00015134027450007217
0.0,0.0001513109644996601
0.0,0.00015127341050007656
0.0,0.000151211124999973
0.0,0.00015110792500002486
0.0,0.00015110001625002524
0.0,0.00015108687250004426
0.0,0.00015108159124980596
0.0,0.00015106290525026197
0.0,0.00015103534499995156
0.0,0.00015100263999998453
0.0,0.00015093614050001316
0.0,0.00015092481625004472
0.0,0.00015083061049978556
0.0,0.00015079805000000566
0.0,0.00015079171224999631
0.0,0.00015079167049995637
0.0,0.0001507799182499872
0.0,0.00015077025000001415
0.0,0.00015076812500000348
0.0,0.00015074741724999048
0.0,0.00015074021224995612
0.0,0.00015072577250003791
0.0,0.00015068971450009903
0.0,0.00015065082500003308
0.0,0.00015062569924995117
0.0,0.00015060464724995294
0.0,0.0001505829969998555
0.0,0.00015056387599998012
0.0,0.00015052234825012025
0.0,0.00015049940625032305
0.0,0.00015047082625003274
0.0,0.00015043182499998312
0.0,0.00015042775049997072
0.0,0.00015039372499983585
0.0,0.00015038070624998203
0.0,0.00015037243424995638
0.0,0.00015035710624988668
0.0,0.0001503439762498434
0.0,0.0001503421520002431
0.0,0.000150305725000008
0.0,0.00015028072249994928
0.0,0.00015019310225003718
0.0,0.00015018282449998479
0.0,0.0001501302730000024
0.0,0.000150081990499968
0.0,0.0001500598684999566
0.0,0.00015005419249997332
0.0,0.00015004174524997578
0.0,0.000150005001250063
0.0,0.00014998249999998437
0.0,0.00014996548625015316
0.0,0.0001499568250000614
0.0,0.0001499464062499855
0.0,0.00014994012499965347
0.0,0.00014993489649990974
0.0,0.00014992650249984928
0.0,0.00014990823999997023
0.0,0.0001498546712499445
0.0,0.00014984796250004027
0.0,0.0001498464702503056
0.0,0.00014982827524975868
0.0,0.00014981413525003026
0.0,0.00014972039825003576
0.0,0.00014968657249978022
0.0,0.00014964638724999915
0.0,0.0001496407262500654
0.0,0.00014959303999992696
0.0,0.0001495591622500571
0.0,0.00014954974424983474
0.0,0.00014954794099991344
0.0,0.00014950962000014623
0.0,0.00014947600625030583
0.0,0.00014946459024982358
0.0,0.00014944830099995998
0.0,0.00014939195650000018
0.0,0.00014937906249994103
0.0,0.00014931397699993789
0.0,0.00014931317650005007
0.0,0.0001492996052500063
0.0,0.0001492810600001719
0.0,0.0001492538082499829
0.0,0.00014923873450000189
0.0,0.00014915319625006406
0.0,0.00014914923725011344
0.0,0.00014909052099997116
0.0,0.00014905063025006307
0.0,0.00014902318249971478
0.0,0.00014900048999997898
0.0,0.00014897913924997194
0.0,0.00014897384124992833
0.0,0.00014894010499998822
0.0,0.00014889636250004689
0.0,0.00014884726400002585
0.0,0.00014883542500000046
0.0,0.00014882324525001091
0.0,0.00014880708099990686
0.0,0.00014880412900004854
0.0,0.00014878847250005797
0.0,0.00014875770399992323
0.0,0.0001487339485001084
0.0,0.00014869595200003017
0.0,0.0001486764084999829
0.0,0.00014866236125001404
0.0,0.00014866112500004066
0.0,0.0001486582812501849
0.0,0.00014864931650003228
0.0,0.00014863604900006432
0.0,0.0001486292022498757
0.0,0.00014860552499999213
0.0,0.00014858529999999204
0.0,0.00014853718125000255
0.0,0.0001484876025000198
0.0,0.0001483772480000584
0.0,0.0001483686912499176
0.0,0.00014835593249989224
0.0,0.00014829423300005625
0.0,0.00014829232450005528
0.0,0.00014829188125025234
0.0,0.00014827387524991886
0.0,0.0001482299845001317
0.0,0.00014822309125014737
0.0,0.00014816304900017437
0.0,0.00014810227449997635
0.0,0.00014807077024991868
0.0,0.00014797307424986326
0.0,0.0001479677372498068
0.0,0.00014793124999983438
0.0,0.00014790620649982712
0.0,0.00014786891650006963
0.0,0.0001478680562502623
0.0,0.00014782762324995951
0.0,0.00014781936325032198
0.0,0.00014781566124970864
0.0,0.0001478032960000032
0.0,0.0001477900832497053
0.0,0.00014774115849974188
0.0,0.0001477392862499826
0.0,0.00014773427124999545
0.0,0.0001476352122500415
0.0,0.00014762853424996687
0.0,0.00014762732800003794
0.0,0.0001476132340000291
0.0,0.00014758700449997593
0.0,0.0001475155282503338
0.0,0.0001474873089999871
0.0,0.00014747122024987903
0.0,0.00014745918499997637
0.0,0.0001474395604999892
0.0,0.00014741714450005358
0.0,0.0001474120362497721
0.0,0.00014735631825001075
0.0,0.0001473434762499014
0.0,0.00014734075450005237
0.0,0.00014727249999987535
0.0,0.00014723932500001796
0.0,0.00014723417000002992
0.0,0.00014722800800003608
0.0,0.0001472277492499965
0.0,0.00014722006849996925
0.0,0.0001472189169999583
0.0,0.0001472116324999688
0.0,0.00014713603399998097
0.0,0.00014709220099998535
0.0,0.00014707172249993605
0.0,0.0001470668039999674
0.0,0.00014705202124996294
0.0,0.0001470465249997299
0.0,0.0001470425725000233
0.0,0.00014703766250007534
0.0,0.0001469981000002568
0.0,0.00014698273849989983
0.0,0.00014696904050007058
0.0,0.0001468683624999714
0.0,0.0001468562522500941
0.0,0.00014683879224989505
0.0,0.00014676312624993103
0.0,0.0001467568145000769
0.0,0.00014673941000029425
0.0,0.00014671348625026206
0.0,0.00014668359049969105
0.0,0.00014665940725003206
0.0,0.00014662410924993244
0.0,0.0001466149050001465
0.0,0.00014659373700001748
0.0,0.00014658603624998179
0.0,0.00014658082025002862
0.0,0.00014655645050024081
0.0,0.00014654909049991794
0.0,0.00014654468250027925
0.0,0.00014649618249987136
0.0,0.00014647951250005604
0.0,0.00014647025000004356
0.0,0.0001464210250000916
0.0,0.00014636832499978416
0.0,0.00014634907299996067
0.0,0.0001463174584999918
0.0,0.000146313615999648
0.0,0.0001463012105000224
0.0,0.00014626609625000846
0.0,0.00014622583924997484
0.0,0.00014616960800031733
0.0,0.00014614264999992442
0.0,0.00014611739224995837
0.0,0.00014601953124997814
0.0,0.0001460142919999711
0.0,0.0001460132012500479
0.0,0.0001459323559999657
0.0,0.00014592660125002096
0.0,0.00014591851425002612
0.0,0.00014590487525037216
0.0,0.00014586359224991153
0.0,0.00014585676625010192
0.0,0.000145805230249855
0.0,0.0001457946725000423
0.0,0.00014577546650001798
0.0,0.00014575039249997766
0.0,0.0001457189765001328
0.0,0.00014568958224996694
0.0,0.00014564951200002818
0.0,0.00014562567400002151
0.0,0.00014562124999998972
0.0,0.00014553719524983269
0.0,0.0001455147512500709
0.0,0.0001454933650000056
0.0,0.00014547271450004345
0.0,0.00014544998899991655
0.0,0.00014544781525002465
0.0,0.00014544180000011618
0.0,0.00014541145924977647
0.0,0.00014538964224984098
0.0,0.00014535145325003201
0.0,0.00014530376900004753
0.0,0.00014525192900010053
0.0,0.00014524436125010437
0.0,0.00014523839125011342
0.0,0.0001452229825001801
0.0,0.00014520391925006108
0.0,0.00014520315625004827
0.0,0.00014518890000005412
0.0,0.00014516514225005662
0.0,0.00014514333249984358
0.0,0.0001451135672502217
0.0,0.0001450718262500514
0.0,0.00014502475124988785
0.0,0.00014500304049999831
0.0,0.00014500270100005431
0.0,0.00014497405524998604
0.0,0.00014490110825025177
0.0,0.00014489636124992596
0.0,0.00014487376625001803
0.0,0.0001448215082499789
0.0,0.00014476904999997356
0.0,0.00014476718124999436
0.0,0.00014474356249997937
0.0,0.0001447388712499808
0.0,0.00014473415524995302
0.0,0.00014468976049999637
0.0,0.00014464761999991163
0.0,0.00014463458124986533
0.0,0.0001445122412500661
0.0,0.00014449503624984383
0.0,0.00014447523624998775
0.0,0.0001444689785003415
0.0,0.00014444962600012432
0.0,0.00014442219849997368
0.0,0.00014439862450054682
0.0,0.0001443881432500292
0.0,0.00014434510250000738
0.0,0.0001442803344997858
0.0,0.0001442592492498575
0.0,0.00014422788900004158
0.0,0.00014417501224994023
0.0,0.00014411004250026972
0.0,0.0001440964999999005
0.0,0.00014409193000005255
0.0,0.0001440233784999418
0.0,0.0001439285725001084
0.0,0.00014391528249996954
0.0,0.00014385812125003385
0.0,0.00014382325000008412
0.0,0.00014379096250002166
0.0,0.00014376655250008136
0.0,0.00014376179724998555
0.0,0.00014364234100002363
0.0,0.0001436276250000884
0.0,0.00014360769000005129
0.0,0.0001435249610000503
0.0,0.0001434921972500468
0.0,0.00014348292499999615
0.0,0.00014342090050005056
0.0,0.0001433725962500443
0.0,0.0001433196180001557
0.0,0.00014331413200000236
0.0,0.00014330445125010005
0.0,0.00014329045624998974
0.0,0.0001432800799998239
0.0,0.0001432781922499383
0.0,0.00014326214424999095
0.0,0.00014324609024988507
0.0,0.00014323468524991514
0.0,0.00014318333524973207
0.0,0.00014315242499995863
0.0,0.0001431350402500036
0.0,0.0001430994732499687
0.0,0.000143022097249998
0.0,0.0001430119864998775
0.0,0.00014299852499993022
0.0,0.00014299176125006459
0.0,0.00014299082499991377
0.0,0.00014293232499995194
0.0,0.00014292362500004433
0.0,0.00014287918500005848
0.0,0.0001428634332498871
0.0,0.00014283616625002788
0.0,0.00014276774250014478
0.0,0.00014273228250002496
0.0,0.0001427266562500847
0.0,0.00014270554399994502
0.0,0.00014268508250000708
0.0,0.00014263704099998296
0.0,0.00014263047449982082
0.0,0.0001426156662499531
0.0,0.00014261076800004254
0.0,0.0001425986185000103
0.0,0.00014259463299996726
0.0,0.00014254476625003864
0.0,0.00014252604249993402
0.0,0.00014251760800001605
0.0,0.0001425156125002139
0.0,0.00014251145799984528
0.0,0.0001424456052501267
0.0,0.00014238085625029593
0.0,0.0001423523644999936
0.0,0.0001423219742499568
0.0,0.0001423204852500372
0.0,0.00014231547725000455
0.0,0.0001422981522500404
0.0,0.00014229480625001277
0.0,0.00014221323650011124
0.0,0.0001422020724999809
0.0,0.00014218184224997307
0.0,0.00014211735249997765
0.0,0.00014206085000006483
0.0,0.00014203594250005233
0.0,0.00014200825000001456
0.0,0.00014193362499996976
0.0,0.0001419219302500101
0.0,0.00014190322324972364
0.0,0.0001419021562498784
0.0,0.00014189252649990538
0.0,0.00014186974325011326
0.0,0.00014184474399998032
0.0,0.00014181762500000924
0.0,0.00014181095650024755
0.0,0.0001417692999999572
0.0,0.00014174039924999635
0.0,0.00014169384199996788
0.0,0.00014167690000006168
0.0,0.00014167447824996686
0.0,0.00014166976399994293
0.0,0.00014166501049994932
0.0,0.00014165745249997307
0.0,0.0001416173322500285
0.0,0.00014160850825004358
0.0,0.00014158599999998392
0.0,0.0001415652282499801
0.0,0.00014155057225015741
0.0,0.00014150727624999816
0.0,0.00014143522500028628
0.0,0.0001413978602499528
0.0,0.00014138604124992905
0.0,0.0001413635379998282
0.0,0.00014130566600016183
0.0,0.00014130208624999865
0.0,0.00014123513125003024
0.0,0.0001412248272497273
0.0,0.00014118372500008283
0.0,0.00014116174400002218
0.0,0.0001411348250000194
0.0,0.0001410964442499851
0.0,0.0001410935612499922
0.0,0.0001410919380000777
0.0,0.0001410806412500017
0.0,0.00014106718824976396
0.0,0.00014101984849999855
0.0,0.00014101571250000765
0.0,0.0001409970500001631
0.0,0.00014098573450003235
0.0,0.0001409852745002065
0.0,0.0001409676250002837
0.0,0.000140956733000023
0.0,0.0001409155250000134
0.0,0.00014081875299973485
0.0,0.0001408119730000189
0.0,0.00014078804049998976
0.0,0.0001407541562499668
0.0,0.0001407535385001778
0.0,0.00014073551425003794
0.0,0.00014072336199998212
0.0,0.0001406802500000572
0.0,0.0001406681912499603
0.0,0.0001406409682499819
0.0,0.0001406210000000011
0.0,0.00014060135825003073
0.0,0.00014055187449998747
0.0,0.0001405219999999852
0.0,0.0001404996132497273
0.0,0.0001404993724998944
0.0,0.00014049810000030954
0.0,0.00014048761324992297
0.0,0.0001404187132499118
0.0,0.0001403782009999539
0.0,0.0001403754819998918
0.0,0.00014037190924998143
0.0,0.00014035160199999083
0.0,0.00014031689425004872
0.0,0.00014030605000002353
0.0,0.00014029576849968476
0.0,0.00014027559999998766
0.0,0.00014024319999998843
0.0,0.0001402348562500498
0.0,0.00014020027924981567
0.0,0.0001401121692498245
0.0,0.00014007513249998505
0.0,0.0001400540799999863
0.0,0.00014004387024994254
0.0,0.00014003864999988976
0.0,0.00014003145124995587
0.0,0.00013998611425002696
0.0,0.00013992712325005874
0.0,0.00013989298850007278
0.0,0.0001398875530000407
0.0,0.00013987274850001423
0.0,0.00013986778050001592
0.0,0.00013979930449999398
0.0,0.00013979459425001464
0.0,0.00013971612100000587
0.0,0.0001397087142498981
0.0,0.00013970477300006664
0.0,0.00013967650900029697
0.0,0.0001396633160000511
0.0,0.00013965031999994178
0.0,0.00013956611650011005
0.0,0.00013955701450005576
0.0,0.00013954524999997253
0.0,0.000139502616500194
0.0,0.00013946260500007556
0.0,0.00013944680500000466
0.0,0.00013943895125001165
0.0,0.00013943601049999798
0.0,0.00013941723025001046
0.0,0.00013941530000001007
0.0,0.00013932506724994412
0.0,0.00013931557249995704
0.0,0.00013930851250004028
0.0,0.0001393031449997654
0.0,0.00013928674525003906
0.0,0.00013928517849982425
0.0,0.00013920762499994549
0.0,0.00013919440000003324
0.0,0.0001391659250000226
0.0,0.0001391549742499575
0.0,0.00013908546900011007
0.0,0.00013907600500001952
0.0,0.0001390687090000105
0.0,0.0001389721625000237
0.0,0.0001388829424999435
0.0,0.000138862642000042
0.0,0.00013880786625006518
0.0,0.00013872722649998714
0.0,0.00013866037924996388
0.0,0.00013850930600001364
0.0,0.00013850859650002572
0.0,0.00013850713024997
0.0,0.0001384789882500083
0.0,0.00013846974799985978
0.0,0.00013845599824992267
0.0,0.00013845256849991732
0.0,0.00013844612500003682
0.0,0.00013844436625013617
0.0,0.00013842213724998115
0.0,0.0001384105572499743
0.0,0.00013837898449998843
0.0,0.00013832312425001022
0.0,0.0001383169300000168
0.0,0.00013831637724985425
0.0,0.0001383085090000394
0.0,0.0001382323864999988
0.0,0.00013823051049995617
0.0,0.00013822288924999205
0.0,0.00013818709124988228
0.0,0.00013818331925001662
0.0,0.00013815752900022456
0.0,0.0001381187705005235
0.0,0.00013811209849996366
0.0,0.00013810760224995807
0.0,0.00013810259025004895
0.0,0.00013807307450007498
0.0,0.00013806852499995663
0.0,0.00013805780625001247
0.0,0.00013799885125003215
0.0,0.00013798403524997637
0.0,0.00013792418324997665
0.0,0.00013792157124994524
0.0,0.00013791650825000873
0.0,0.00013787429824996267
0.0,0.00013783950624994497
0.0,0.00013783947249987853
0.0,0.00013781400999963056
0.0,0.00013781356625001707
0.0,0.00013781195824998479
0.0,0.0001378047565001994
0.0,0.0001377903545000647
0.0,0.0001377363442502017
0.0,0.00013769185299979393
0.0,0.00013766197250009214
0.0,0.00013765562499999185
0.0,0.00013763751625000794
0.0,0.00013761571625006246
0.0,0.00013761249999996256
0.0,0.00013760280999998745
0.0,0.0001375481785001807
0.0,0.00013751532800008732
0.0,0.00013746688325001386
0.0,0.00013739840650002486
0.0,0.00013739716224983738
0.0,0.00013733138599998223
0.0,0.0001373272112500149
0.0,0.0001372902212499341
0.0,0.0001372745472499952
0.0,0.00013727102500022038
0.0,0.00013727050849996711
0.0,0.00013726862500000576
0.0,0.00013723736625016652
0.0,0.0001372287242499191
0.0,0.0001371946084998954
0.0,0.0001371735204996069
0.0,0.00013717300000002462
0.0,0.00013717242500007086
0.0,0.00013713516049999186
0.0,0.00013711770249993992
0.0,0.00013711183624990286
0.0,0.00013710250000003614
0.0,0.00013705322500006759
0.0,0.00013704180249999535
0.0,0.00013702032500023876
0.0,0.00013700858399966074
0.0,0.00013692527300010265
0.0,0.0001369160532498959
0.0,0.00013691060325011394
0.0,0.00013689480999998455
0.0,0.00013688327049997336
0.0,0.00013688037849995653
0.0,0.0001368720362499813
0.0,0.0001368609704996568
0.0,0.00013684591924994864
0.0,0.00013678442500017406
0.0,0.0001367769984999994
0.0,0.00013677098124995887
0.0,0.000136756525000056
0.0,0.0001367413062499969
0.0,0.00013667728624994614
0.0,0.00013665180624996645
0.0,0.0001366496912499211
0.0,0.0001366065385000768
0.0,0.00013656082625006986
0.0,0.00013655382500002547
0.0,0.00013654129250003359
0.0,0.00013648683424999624
0.0,0.00013644974650002837
0.0,0.00013634341824988672
0.0,0.0001363378580001027
0.0,0.00013630492625006765
0.0,0.00013628127925004226
0.0,0.00013628019599995072
0.0,0.00013622882424973038
0.0,0.0001362187052499637
0.0,0.00013616103250001742
0.0,0.00013615188024997655
0.0,0.00013612444849998344
0.0,0.0001361178484999733
0.0,0.00013605732500003614
0.0,0.00013605544125024972
0.0,0.00013601392999995892
0.0,0.00013599071450005683
0.0,0.00013596385699979823
0.0,0.00013594579999999496
0.0,0.00013594546849994245
0.0,0.00013587285624987015
0.0,0.000135859662499927
0.0,0.00013579812500004196
0.0,0.0001357774242499061
0.0,0.00013569033049994346
0.0,0.00013568886049993633
0.0,0.00013566148524990932
0.0,0.00013564216249997103
0.0,0.0001356384250000341
0.0,0.0001356296724999407
0.0,0.00013562959250007107
0.0,0.0001356240420000181
0.0,0.000135602421249957
0.0,0.00013557812500001942
0.0,0.0001355409250000444
0.0,0.00013548252500003862
0.0,0.00013546900000009317
0.0,0.00013542624999991792
0.0,0.00013535016625008478
0.0,0.0001353327560000414
0.0,0.0001353242610000309
0.0,0.00013531272849999954
0.0,0.00013531249624974036
0.0,0.00013529598324996854
0.0,0.00013529312499994102
0.0,0.00013528518124985786
0.0,0.00013527562500009014
0.0,0.00013525728624999046
0.0,0.00013520718624996286
0.0,0.00013520248624994882
0.0,0.0001351975202498786
0.0,0.00013517450049988682
0.0,0.00013513006024993605
0.0,0.00013508545250003122
0.0,0.0001350735612499658
0.0,0.00013507270250003766
0.0,0.00013499163250001162
0.0,0.00013498295224999507
0.0,0.00013495565000004193
0.0,0.00013494740849995642
0.0,0.0001349179744999888
0.0,0.00013490866000000998
0.0,0.00013490176900001237
0.0,0.00013485842500002624
0.0,0.0001348374762502737
0.0,0.00013480656800021328
0.0,0.0001347922032498193
0.0,0.00013478778100005443
0.0,0.00013478532124994085
0.0,0.00013477507625007636
0.0,0.00013473019299996492
0.0,0.0001345731602501031
0.0,0.0001345267652496733
0.0,0.00013448242324988501
0.0,0.00013445086250006864
0.0,0.00013444009999996994
0.0,0.00013443550250004762
0.0,0.00013442508049998746
0.0,0.00013441726249972504
0.0,0.00013439005449993827
0.0,0.00013433768200002042
0.0,0.00013432934250005307
0.0,0.00013432522499975198
0.0,0.0001343187042499359
0.0,0.00013431455224998502
0.0,0.00013430677524979502
0.0,0.00013429828449999716
0.0,0.0001342795382500197
0.0,0.00013423236249968763
0.0,0.00013420495699990255
0.0,0.00013419187524996726
0.0,0.00013418982725003006
0.0,0.0001341458285000108
0.0,0.0001341152020000033
0.0,0.0001340611089998378
0.0,0.00013401608649999782
0.0,0.00013401232999996852
0.0,0.00013396650100003054
0.0,0.00013393942600005827
0.0,0.0001339276250000209
0.0,0.00013392745225004752
0.0,0.00013383195425001974
0.0,0.00013382102499999966
0.0,0.00013376725624991706
0.0,0.00013375036100005488
0.0,0.00013373792049995806
0.0,0.00013373046899998504
0.0,0.00013372703649994368
0.0,0.00013368967449999393
0.0,0.0001336637770000089
0.0,0.00013361479824999076
0.0,0.0001336145849998169
0.0,0.00013360224799981662
0.0,0.00013359172499999327
0.0,0.00013357703049993557
0.0,0.0001335066025000596
0.0,0.00013332102500001583
0.0,0.00013329976399996033
0.0,0.00013326434424996433
0.0,0.0001331810132499748
0.0,0.00013304492825000545
0.0,0.00013302120625032952
0.0,0.00013301686525004155
0.0,0.00013300958500001044
0.0,0.0001329362809999874
0.0,0.00013290141925015566
0.0,0.00013288771249981218
0.0,0.00013287026524997308
0.0,0.0001328547370000401
0.0,0.00013282843449988736
0.0,0.00013281748250001816
0.0,0.0001327873272499272
0.0,0.00013275909725000832
0.0,0.0001327579809999151
0.0,0.00013274861300003438
0.0,0.00013273636849995182
0.0,0.00013272469450005618
0.0,0.0001327135744999004
0.0,0.0001326969729998871
0.0,0.00013263646249991586
0.0,0.00013262985850001461
0.0,0.00013262890000016
0.0,0.00013262216900000967
0.0,0.00013258512999993275
0.0,0.0001325816162498808
0.0,0.0001325815784999773
0.0,0.00013257850000013467
0.0,0.000132564920500003
0.0,0.00013256016050005622
0.0,0.00013253479650004738
0.0,0.0001325054262498414
0.0,0.0001324807250000286
0.0,0.00013244103399994968
0.0,0.00013242258124991215
0.0,0.00013238890625000038
0.0,0.00013238560000000953
0.0,0.00013236937024990842
0.0,0.00013236794225007515
0.0,0.00013236792725019534
0.0,0.00013235981299994539
0.0,0.00013231423400004376
0.0,0.00013219649425023206
0.0,0.0001321740250000445
0.0,0.0001321344049998407
0.0,0.00013203485000004453
0.0,0.00013201916500000388
0.0,0.0001320166025000746
0.0,0.00013198421724988125
0.0,0.00013198264999989806
0.0,0.00013191722500003602
0.0,0.0001319093862499375
0.0,0.00013190778249995666
0.0,0.00013190602225005422
0.0,0.00013188098125003345
0.0,0.00013185594725003392
0.0,0.00013181820624996873
0.0,0.00013180479999997362
0.0,0.00013180025000002324
0.0,0.00013176463625001446
0.0,0.00013174913300020798
0.0,0.00013172199025004435
0.0,0.00013172012499998995
0.0,0.000131719832499681
0.0,0.00013170754249997133
0.0,0.00013166985324996323
0.0,0.00013166928400008203
0.0,0.00013162612450000132
0.0,0.00013160225000016302
0.0,0.00013156813000003573
0.0,0.0001315524012500642
0.0,0.00013146460100001308
0.0,0.0001314470419998682
0.0,0.000131434441999992
0.0,0.00013141653124998658
0.0,0.00013135879825000948
0.0,0.00013135250224999558
0.0,0.0001313346249999904
0.0,0.00013129177850000978
0.0,0.00013127816000003584
0.0,0.00013127507450005208
0.0,0.00013126635050016616
0.0,0.00013123804999990498
0.0,0.0001312282832500251
0.0,0.00013121703125003537
0.0,0.00013118728399995078
0.0,0.00013118282500004306
0.0,0.00013112274825010642
0.0,0.00013110549850001483
0.0,0.00013109291325006067
0.0,0.00013106196025052165
0.0,0.00013105966624997364
0.0,0.0001310536999998819
0.0,0.0001310364125000612
0.0,0.00013102362499999107
0.0,0.00013099889224972198
0.0,0.00013098616450019524
0.0,0.00013098261650001215
0.0,0.00013093601625002024
0.0,0.0001309347782499808
0.0,0.00013091578524998353
0.0,0.00013091350225013772
0.0,0.00013085953425004453
0.0,0.00013082579824991728
0.0,0.00013082200924997668
0.0,0.0001308025182500486
0.0,0.00013080067250003128
0.0,0.00013078812499987727
0.0,0.00013076758324999531
0.0,0.0001307233102499777
0.0,0.00013071905049996907
0.0,0.00013071862525015497
0.0,0.00013070025624991135
0.0,0.00013069255625018834
0.0,0.0001306918850000363
0.0,0.00013066994649999224
0.0,0.00013064289999992928
0.0,0.00013062567025009148
0.0,0.0001306159742501656
0.0,0.00013058788025002393
0.0,0.00013056426724997368
0.0,0.0001305429205000331
0.0,0.0001304987822500256
0.0,0.00013047807924999316
0.0,0.00013046403625006995
0.0,0.00013046301699990134
0.0,0.00013037208125001097
0.0,0.00013029939400015477
0.0,0.00013025953525024788
0.0,0.0001302446965001035
0.0,0.0001302027572499717
0.0,0.0001301965010000457
0.0,0.00013019450000009827
0.0,0.00013018977024998278
0.0,0.00013018234050000372
0.0,0.00013016922650005677
0.0,0.00013012771250000643
0.0,0.00013012646225019496
0.0,0.00013011142500002926
0.0,0.0001300898705000954
0.0,0.0001300555002500784
0.0,0.0001300485564999808
0.0,0.0001300228850004993
0.0,0.00012998456200000343
0.0,0.00012998386899997985
0.0,0.00012993942250002653
0.0,0.00012983300000000058
0.0,0.00012981104499986648
0.0,0.00012980550799991707
0.0,0.00012976340000003567
0.0,0.00012970740100008216
0.0,0.00012969182800000862
0.0,0.0001296737999998968
0.0,0.00012966957650008674
0.0,0.00012965712500000658
0.0,0.00012962788925005293
0.0,0.0001296157212500672
0.0,0.0001296131462501533
0.0,0.00012961212124988462
0.0,0.0001295612652500618
0.0,0.00012955597849993787
0.0,0.00012953257525000444
0.0,0.00012952404999997833
0.0,0.00012950078825025286
0.0,0.0001294583425000246
0.0,0.0001294318850000362
0.0,0.0001293819592500519
0.0,0.00012936092650019023
0.0,0.0001293367692500741
0.0,0.0001293337722499444
0.0,0.00012930462899999714
0.0,0.00012930039699992498
0.0,0.0001292991249997552
0.0,0.00012929624999992667
0.0,0.0001292904185000222
0.0,0.00012928878425001207
0.0,0.00012928690100000062
0.0,0.0001292600524999978
0.0,0.0001292435170000319
0.0,0.00012923396999999783
0.0,0.00012922195399994298
0.0,0.00012922168100001788
0.0,0.00012922056249996914
0.0,0.00012921214250001122
0.0,0.00012918560500004673
0.0,0.0001291202185001085
0.0,0.00012908911850005117
0.0,0.0001290846062499764
0.0,0.00012908460099999214
0.0,0.00012907767649993142
0.0,0.00012906119249985007
0.0,0.00012905201000017918
0.0,0.00012905069524997128
0.0,0.00012903748850002887
0.0,0.00012902764100019374
0.0,0.00012899940249999132
0.0,0.00012897650000010511
0.0,0.000128967415249966
0.0,0.00012887033124972243
0.0,0.0001288544242499188
0.0,0.00012880622524992218
0.0,0.00012880218599982358
0.0,0.0001287711745001148
0.0,0.00012877028125022244
0.0,0.00012874029125011237
0.0,0.00012873648399973784
0.0,0.0001287140792500541
0.0,0.00012867719224978106
0.0,0.00012867642225003093
0.0,0.00012866666424995313
0.0,0.00012862468100003637
0.0,0.0001286226180003214
0.0,0.0001286075702500525
0.0,0.00012858952250005938
0.0,0.00012858489800023147
0.0,0.00012855747125001938
0.0,0.00012852729250020136
0.0,0.0001284775872498336
0.0,0.00012845029049972836
0.0,0.00012844876499999166
0.0,0.0001284415809999833
0.0,0.00012843483025022458
0.0,0.00012840221124992587
0.0,0.00012838191124996535
0.0,0.00012826866050028417
0.0,0.00012821376500010746
0.0,0.00012820653625002983
0.0,0.00012819080000011312
0.0,0.00012816205299998816
0.0,0.0001281534249999492
0.0,0.0001281441684999493
0.0,0.00012814275849995702
0.0,0.00012810181625014602
0.0,0.00012807272900000366
0.0,0.00012805911425000938
0.0,0.00012805737049986895
0.0,0.0001280436682500345
0.0,0.00012803905024994763
0.0,0.0001280195225000086
0.0,0.00012799261025008284
0.0,0.00012797356999993677
0.0,0.00012794214800001147
0.0,0.00012791656250003478
0.0,0.00012789986449999568
0.0,0.0001278981242499374
0.0,0.00012784950450008364
0.0,0.00012775248899997616
0.0,0.0001277492082502332
0.0,0.00012773622499964602
0.0,0.00012772311425011162
0.0,0.00012770239224989925
0.0,0.00012769615449999332
0.0,0.00012758763400009138
0.0,0.00012754176125003258
0.0,0.00012752049924998245
0.0,0.0001275164652499474
0.0,0.00012751197849998437
0.0,0.00012748393124997743
0.0,0.00012745500124987174
0.0,0.00012741257449997893
0.0,0.00012739532524978775
0.0,0.00012737415324981096
0.0,0.000127338481249907
0.0,0.00012731315125002557
0.0,0.00012730608499997322
0.0,0.0001273001365002491
0.0,0.00012728993524993148
0.0,0.00012725422625005736
0.0,0.0001271324262499757
0.0,0.00012704472124998878
0.0,0.00012704395925006813
0.0,0.0001270236612500117
0.0,0.00012699235924998903
0.0,0.00012699120825002212
0.0,0.00012695320024998306
0.0,0.0001269405250000226
0.0,0.0001269274612499044
0.0,0.000126919552999903
0.0,0.00012687850100003673
0.0,0.0001268579769999053
0.0,0.0001267704504999836
0.0,0.00012674698000004098
0.0,0.00012674179250001652
0.0,0.00012669127850002958
0.0,0.00012668149249994048
0.0,0.0001266783124997402
0.0,0.00012664603625004066
0.0,0.000126625172500303
0.0,0.00012661614500001687
0.0,0.00012660144625002841
0.0,0.0001265941279998803
0.0,0.00012659237199986074
0.0,0.00012657498025009394
0.0,0.00012656243200020775
0.0,0.00012654506250013751
0.0,0.0001265381945000918
0.0,0.00012653703624983354
0.0,0.00012652292500021383
0.0,0.00012650933424981282
0.0,0.00012646768725008888
0.0,0.00012645468249992422
0.0,0.0001264163912498465
0.0,0.00012641439700029374
0.0,0.0001264066244999758
0.0,0.00012638766849972817
0.0,0.00012634964449999465
0.0,0.0001263246762500364
0.0,0.00012632109124996986
0.0,0.0001263048250000433
0.0,0.0001263038450002942
0.0,0.00012629452625001865
0.0,0.00012628150600007063
0.0,0.00012626868049991032
0.0,0.0001262326022500332
0.0,0.00012620847025016622
0.0,0.00012614217124999513
0.0,0.00012612678249975895
0.0,0.00012610946224994203
0.0,0.00012609313625003198
0.0,0.00012608935525001614
0.0,0.0001260853730001109
0.0,0.00012605940124996615
0.0,0.00012605175724972028
0.0,0.00012604416024993798
0.0,0.00012602429324997183
0.0,0.0001260203512500819
0.0,0.00012601160100003645
0.0,0.00012599511299998163
0.0,0.00012598872850013083
0.0,0.0001259328712500252
0.0,0.00012590772025000677
0.0,0.00012590544849998996
0.0,0.00012589291325005515
0.0,0.00012584656400004495
0.0,0.00012583986124975284
0.0,0.00012583911825027802
0.0,0.0001258186252499902
0.0,0.00012580804849995252
0.0,0.0001258021182500023
0.0,0.00012577803724978892
0.0,0.00012577064524999095
0.0,0.0001257705024998978
0.0,0.0001257211090000866
0.0,0.00012569304024992787
0.0,0.00012557031924996428
0.0,0.00012556446499993514
0.0,0.0001255440582500214
0.0,0.00012554038324989465
0.0,0.00012546883624991282
0.0,0.00012542718724998706
0.0,0.0001254190512498733
0.0,0.00012538402324976502
0.0,0.0001253809512500234
0.0,0.0001253798439999145
0.0,0.0001253421612498304
0.0,0.00012533590324997356
0.0,0.00012531992500000572
0.0,0.00012525578649976322
0.0,0.0001252178529999909
0.0,0.00012521241024998934
0.0,0.00012519256824985883
0.0,0.00012517765000002746
0.0,0.0001251583842498752
0.0,0.00012514577300004162
0.0,0.0001251158472499922
0.0,0.00012510249024996447
0.0,0.00012507764424998734
0.0,0.00012506251399997922
0.0,0.00012505334725022957
0.0,0.00012503788924998744
0.0,0.00012501038649992082
0.0,0.0001250036050000197
0.0,0.00012499971249996
0.0,0.00012498644524989213
0.0,0.00012498258125004727
0.0,0.00012497454924986158
0.0,0.00012497275924991635
0.0,0.00012496818624998477
0.0,0.00012493962500017555
0.0,0.00012493303925004612
0.0,0.00012493246624994074
0.0,0.00012489806924995513
0.0,0.00012487615625001691
0.0,0.00012487243599998643
0.0,0.00012482169650002508
0.0,0.00012479050025005698
0.0,0.00012478159999981147
0.0,0.00012477284099993212
0.0,0.00012477265225000416
0.0,0.000124708150249931
0.0,0.00012470094649992607
0.0,0.00012466610000004403
0.0,0.00012463154050005015
0.0,0.00012460925000004624
0.0,0.00012459427599997738
0.0,0.00012458020999995333
0.0,0.00012450316249990859
0.0,0.0001244428672500391
0.0,0.00012443442850026417
0.0,0.00012443320125009137
0.0,0.00012442740724995954
0.0,0.00012440630450000686
0.0,0.0001244010632498883
0.0,0.0001243826770000267
0.0,0.00012436992899997492
0.0,0.00012435489999987424
0.0,0.0001243306742500099
0.0,0.00012431108449993596
0.0,0.00012429215325015722
0.0,0.00012427382024970482
0.0,0.00012426344225014606
0.0,0.0001242606250000121
0.0,0.0001242560592499989
0.0,0.00012422621249998854
0.0,0.00012421826124970833
0.0,0.0001241821372500505
0.0,0.00012414068124985998
0.0,0.00012407262499997113
0.0,0.00012403985424998623
0.0,0.00012398999124999807
0.0,0.00012398237000003202
0.0,0.00012397544999997163
0.0,0.0001239424742501837
0.0,0.00012392112624991976
0.0,0.00012391701624994765
0.0,0.0001239150452498772
0.0,0.00012387889999985959
0.0,0.0001238707804999808
0.0,0.00012386541049998933
0.0,0.00012385870899983466
0.0,0.00012382779624997076
0.0,0.00012381609999998156
0.0,0.00012380267049992504
0.0,0.00012377079649996466
0.0,0.0001237393682500214
0.0,0.0001236641625000548
0.0,0.00012366390249995946
0.0,0.00012357789249995126
0.0,0.00012353381325000477
0.0,0.00012349602850006593
0.0,0.0001234899999999992
0.0,0.00012347236249999726
0.0,0.0001234655144999039
0.0,0.00012345267600002752
0.0,0.00012344039999998083
0.0,0.00012342465250001882
0.0,0.00012342067450003304
0.0,0.00012340121624996315
0.0,0.00012339136450004878
0.0,0.00012338325625007484
0.0,0.00012336350650001563
0.0,0.00012335518850000457
0.0,0.000123348705250276
0.0,0.0001233435250000201
0.0,0.00012331020924988325
0.0,0.0001232569480000415
0.0,0.00012320498425022908
0.0,0.00012319522625004454
0.0,0.00012314271249996598
0.0,0.00012311533700009442
0.0,0.0001230992499999425
0.0,0.00012309524650006232
0.0,0.00012308846850006612
0.0,0.00012306003400001296
0.0,0.00012302933524998473
0.0,0.00012299861924993597
0.0,0.00012298049124977742
0.0,0.00012295890924987163
0.0,0.00012294323424997343
0.0,0.00012293088249997814
0.0,0.0001229195124999146
0.0,0.00012289759250003283
0.0,0.00012288431525012255
0.0,0.00012279532849995617
0.0,0.0001227712249999997
0.0,0.0001227538412500156
0.0,0.00012274735624997373
0.0,0.00012274085000000827
0.0,0.00012274021824999998
0.0,0.00012273452499975298
0.0,0.00012270906625002682
0.0,0.00012269407250002968
0.0,0.00012267076924984282
0.0,0.00012266153224993308
0.0,0.00012261653125000087
0.0,0.00012258090000002178
0.0,0.0001224178922499556
0.0,0.00012240721000000024
0.0,0.0001224033672499907
0.0,0.00012240293124995014
0.0,0.00012238130000005815
0.0,0.00012229863849995035
0.0,0.00012229812500000076
0.0,0.00012226216399999427
0.0,0.000122244109000049
0.0,0.00012223787224997657
0.0,0.00012214022825008053
0.0,0.0001221365825000146
0.0,0.0001221178084999164
0.0,0.00012204962500001647
0.0,0.00012202542049998548
0.0,0.00012198741699998795
0.0,0.00012197491999995818
0.0,0.00012197160625004373
0.0,0.00012195859325010987
0.0,0.00012195786249997255
0.0,0.00012193686024999845
0.0,0.00012193071925002374
0.0,0.00012191956199998853
0.0,0.00012184733649997127
0.0,0.00012181660250004224
0.0,0.00012181273699987305
0.0,0.00012180533800003997
0.0,0.00012178096825011335
0.0,0.00012177171924998113
0.0,0.00012173530624995538
0.0,0.00012171765125014742
0.0,0.00012170039225002516
0.0,0.00012169789825006158
0.0,0.0001216725672500231
0.0,0.00012165687200005752
0.0,0.000121637657000017
0.0,0.0001216172240003125
0.0,0.00012160015250006995
0.0,0.00012156668100000791
0.0,0.00012155899725002428
0.0,0.00012152765125001888
0.0,0.00012146260249993812
0.0,0.00012141423324992887
0.0,0.00012140768824985519
0.0,0.00012140076649999329
0.0,0.00012138084625002725
0.0,0.00012137124249994409
0.0,0.00012135054324985634
0.0,0.00012133582425006718
0.0,0.00012131331249994699
0.0,0.00012129475999986481
0.0,0.00012126473650000966
0.0,0.00012124294425000099
0.0,0.00012123905625002381
0.0,0.00012118459625002297
0.0,0.000121180651250012
0.0,0.00012117613624978755
0.0,0.00012116192499999433
0.0,0.00012114589824998086
0.0,0.00012113522599999392
0.0,0.00012112032499994217
0.0,0.00012111718249995227
0.0,0.00012108585625001072
0.0,0.00012107898500003112
0.0,0.00012103330624975526
0.0,0.00012102633000008926
0.0,0.00012100751224999989
0.0,0.00012100318100018189
0.0,0.00012099288125002743
0.0,0.00012095757250000499
0.0,0.00012093467624999692
0.0,0.00012092038825000924
0.0,0.00012090889025002282
0.0,0.00012090003249980651
0.0,0.00012086892499989756
0.0,0.00012085307524983775
0.0,0.0001208245050000365
0.0,0.00012080716024973848
0.0,0.00012079665649996675
0.0,0.00012078891250008459
0.0,0.00012078683200000685
0.0,0.00012076245250001602
0.0,0.00012075529924994255
0.0,0.00012074529700020906
0.0,0.000120722744250025
0.0,0.00012071474500040692
0.0,0.00012070924999996723
0.0,0.00012069760525006254
0.0,0.00012069759700000122
0.0,0.00012067546900002417
0.0,0.0001206697444999921
0.0,0.00012066040850001337
0.0,0.00012061904000005335
0.0,0.00012058937050003505
0.0,0.00012057045249995015
0.0,0.00012046662225008567
0.0,0.00012046446799996517
0.0,0.00012045504624997835
0.0,0.00012044963125003401
0.0,0.00012044248100002896
0.0,0.00012038832124997036
0.0,0.00012036813725000526
0.0,0.00012033564049995898
0.0,0.00012030510499994992
0.0,0.0001202833102499361
0.0,0.00012027534499982706
0.0,0.00012027476199993783
0.0,0.00012019073225007478
0.0,0.00012017546499992864
0.0,0.00012014050625009452
0.0,0.0001201388500000134
0.0,0.00012012319999993865
0.0,0.00012012004924996622
0.0,0.00012011566825003511
0.0,0.00012010672999997101
0.0,0.00011999383699995848
0.0,0.00011996983400001959
0.0,0.00011996490725000209
0.0,0.00011995755024999814
0.0,0.00011994141925004493
0.0,0.00011993974250001723
0.0,0.00011985870799982405
0.0,0.00011985094599985454
0.0,0.00011983596050003046
0.0,0.00011982684825025334
0.0,0.00011982380624988663
0.0,0.00011982346650014322
0.0,0.00011980962500002208
0.0,0.00011979425000004183
0.0,0.0001197871312500027
0.0,0.00011978512024998866
0.0,0.00011973928900002408
0.0,0.0001197392364999726
0.0,0.00011972584125004445
0.0,0.00011968323650012765
0.0,0.0001196486262500233
0.0,0.00011960112050003101
0.0,0.00011959798825002054
0.0,0.00011958241300001286
0.0,0.00011958240999993284
0.0,0.00011953293925000809
0.0,0.00011941911724999302
0.0,0.00011939524999986738
0.0,0.00011938782624999677
0.0,0.00011929627025003377
0.0,0.00011922135124998724
0.0,0.00011918788899996838
0.0,0.00011912025249993823
0.0,0.00011909208050004286
0.0,0.00011908090825000059
0.0,0.00011907175999994739
0.0,0.0001190560562499478
0.0,0.00011904893800004453
0.0,0.00011904781250001661
0.0,0.00011901572499998924
0.0,0.00011900297525008292
0.0,0.0001189324929997624
0.0,0.00011893182025004943
0.0,0.00011893015525002448
0.0,0.00011892260125008373
0.0,0.00011890391200001266
0.0,0.0001188641320000609
0.0,0.00011886189199998483
0.0,0.00011882702499991687
0.0,0.00011879456124997006
0.0,0.000118792984500074
0.0,0.00011878428250002231
0.0,0.00011877785799992925
0.0,0.00011870016100005259
0.0,0.00011868008525000681
0.0,0.00011867702599984318
0.0,0.00011867168524991272
0.0,0.00011866406224998165
0.0,0.00011864522499975915
0.0,0.00011858253025006637
0.0,0.00011857838900003692
0.0,0.00011855233449994983
0.0,0.00011853009624997437
0.0,0.00011851184724996923
0.0,0.00011850592625013104
0.0,0.00011847358224997754
0.0,0.00011844078500000619
0.0,0.00011842204999998653
0.0,0.0001183961902500689
0.0,0.00011838284100001403
0.0,0.00011837160625009727
0.0,0.00011836723400001693
0.0,0.00011835362499995419
0.0,0.00011832218499992025
0.0,0.00011828561225004585
0.0,0.00011824061599996807
0.0,0.0001182194682501951
0.0,0.0001182182042495072
0.0,0.00011811212825003538
0.0,0.00011811033724975252
0.0,0.0001181034005000282
0.0,0.00011810215400003823
0.0,0.00011807605000021011
0.0,0.0001180457604999016
0.0,0.00011801624525013993
0.0,0.00011801607250001786
0.0,0.0001179768212499976
0.0,0.00011793281800010837
0.0,0.00011793197450005584
0.0,0.00011789874225003395
0.0,0.00011789173624999913
0.0,0.00011787030425006227
0.0,0.00011785678250000248
0.0,0.00011784812500026136
0.0,0.00011775059125005255
0.0,0.00011775000250006175
0.0,0.00011774065449997927
0.0,0.00011772997624999855
0.0,0.00011771244999992576
0.0,0.00011768955699994891
0.0,0.0001176692490000018
0.0,0.00011765203525012898
0.0,0.00011764454125002543
0.0,0.00011763444500043767
0.0,0.0001176314962499435
0.0,0.00011762402500007205
0.0,0.00011755909224998555
0.0,0.0001175571250001222
0.0,0.00011754025300001792
0.0,0.00011750590324998003
0.0,0.00011747507399996959
0.0,0.00011743316649978424
0.0,0.00011740338000010618
0.0,0.00011739340124989623
0.0,0.00011737140049999599
0.0,0.00011733496399988206
0.0,0.00011732636499994407
0.0,0.0001173219612499899
0.0,0.00011731394224990189
0.0,0.00011726462499999567
0.0,0.00011722392925027659
0.0,0.00011722392924994881
0.0,0.00011721550325000644
0.0,0.00011721428200043085
0.0,0.00011720924999997032
0.0,0.00011719969925008348
0.0,0.0001171988412499976
0.0,0.00011719724725006852
0.0,0.00011716213000002282
0.0,0.0001171576690000292
0.0,0.00011714930124998268
0.0,0.0001171465285000686
0.0,0.00011713835125002457
0.0,0.00011713431624995948
0.0,0.00011711113000018573
0.0,0.00011709488225017866
0.0,0.00011708506000013067
0.0,0.00011707081699971485
0.0,0.00011706432025007595
0.0,0.00011706250000001658
0.0,0.00011705215249998176
0.0,0.00011704545000002055
0.0,0.0001170245379999963
0.0,0.0001170162722499874
0.0,0.00011700420500024819
0.0,0.00011698512849997983
0.0,0.0001169755452499571
0.0,0.00011693442499991365
0.0,0.00011693000500036719
0.0,0.00011686115450049312
0.0,0.00011680613650000582
0.0,0.00011679960499997249
0.0,0.00011678637925001201
0.0,0.00011677872725001479
0.0,0.00011672539625001273
0.0,0.00011672123124995493
0.0,0.00011670751825012938
0.0,0.0001166348922499853
0.0,0.00011663470899996949
0.0,0.00011661828725007377
0.0,0.00011654532500000182
0.0,0.00011651302799995473
0.0,0.00011649037049995555
0.0,0.00011647472524998004
0.0,0.00011644696125005471
0.0,0.00011643671449998462
0.0,0.00011642257999998423
0.0,0.0001164143025000286
0.0,0.00011632624999990054
0.0,0.00011632519999995024
0.0,0.00011632329724997331
0.0,0.00011631381199992937
0.0,0.00011628612499996153
0.0,0.00011626345000004673
0.0,0.00011623880050010924
0.0,0.00011622900724995704
0.0,0.00011622609724996881
0.0,0.00011621918250012719
0.0,0.00011615566624994519
0.0,0.00011611385525002872
0.0,0.00011606972499990118
0.0,0.00011606276125029511
0.0,0.00011605854025010465
0.0,0.00011605398925004964
0.0,0.00011604554124997974
0.0,0.00011604543400004485
0.0,0.00011603575625001209
0.0,0.00011602261624991574
0.0,0.00011599022799987666
0.0,0.00011595414824996327
0.0,0.00011594363449999611
0.0,0.00011591559199977658
0.0,0.00011590270624988559
0.0,0.00011589425000006062
0.0,0.00011589271024997928
0.0,0.00011588262099999652
0.0,0.0001158626500000366
0.0,0.00011584518424990738
0.0,0.00011579144524995038
0.0,0.00011577105050002841
0.0,0.00011572003250005188
0.0,0.0001157112812499093
0.0,0.00011570325649983725
0.0,0.00011566050625006233
0.0,0.00011562607124979729
0.0,0.00011561712499972329
0.0,0.00011561587200003938
0.0,0.00011561114824997732
0.0,0.00011559294799997529
0.0,0.00011555917925012155
0.0,0.00011552041925000118
0.0,0.00011551824850005297
0.0,0.00011551402325005583
0.0,0.00011550031399991892
0.0,0.000115488632499983
0.0,0.00011545598600000008
0.0,0.00011545112524993604
0.0,0.00011542351224998432
0.0,0.00011542327299979148
0.0,0.00011539821724999204
0.0,0.00011536864824986226
0.0,0.00011535104224995763
0.0,0.00011533390625001134
0.0,0.00011533133125000435
0.0,0.00011532035424997487
0.0,0.0001153176385000471
0.0,0.00011529679250001218
0.0,0.00011527286124998832
0.0,0.00011526125000003145
0.0,0.00011525315400001301
0.0,0.00011523747624997589
0.0,0.00011522505424996603
0.0,0.00011518366624994515
0.0,0.00011511599724976398
0.0,0.00011506363449993386
0.0,0.00011505421924982274
0.0,0.0001150526785000532
0.0,0.00011504509249998351
0.0,0.00011503846099997107
0.0,0.00011499735250006162
0.0,0.00011499465125003973
0.0,0.000114954959250021
0.0,0.00011492127125011035
0.0,0.00011488743649999251
0.0,0.00011488020325003861
0.0,0.00011482004250024996
0.0,0.00011481699600006706
0.0,0.0001148154692500325
0.0,0.00011481465625017898
0.0,0.00011472693799990293
0.0,0.00011472412500030562
0.0,0.00011471856724990972
0.0,0.00011471029225001038
0.0,0.0001146775204999415
0.0,0.0001146498722500853
0.0,0.00011463076999999262
0.0,0.00011460636499998814
0.0,0.00011459828649998245
0.0,0.00011457944999976646
0.0,0.00011455600899998384
0.0,0.0001145498000000753
0.0,0.00011450505624998967
0.0,0.00011448283849997534
0.0,0.00011447725000005096
0.0,0.00011446499025004464
0.0,0.00011445986000023083
0.0,0.00011445290124999675
0.0,0.00011445195625002633
0.0,0.00011444938024998055
0.0,0.00011442357049995416
0.0,0.00011441671650004132
0.0,0.00011441421324994999
0.0,0.00011438280449996636
0.0,0.00011434473424975551
0.0,0.00011433573650020405
0.0,0.0001143193752499855
0.0,0.00011430834125001631
0.0,0.00011427056049998388
0.0,0.00011420765049994845
0.0,0.00011419788925000442
0.0,0.00011417153125001767
0.0,0.00011414262499995888
0.0,0.00011410740900003088
0.0,0.0001140967705000611
0.0,0.00011409456924998643
0.0,0.00011402078500007083
0.0,0.00011396531599999571
0.0,0.00011395671624980338
0.0,0.00011392749324995261
0.0,0.00011392453249991007
0.0,0.00011389944625003146
0.0,0.00011388132499993941
0.0,0.00011379122500004986
0.0,0.00011376222500003
0.0,0.0001137378169999744
0.0,0.00011372682500027079
0.0,0.00011370399125000603
0.0,0.00011368840225000414
0.0,0.00011368134649994207
0.0,0.00011368022499998117
0.0,0.00011367369125004088
0.0,0.00011366350825016204
0.0,0.00011366256624989369
0.0,0.00011364237449993644
0.0,0.00011364204625003536
0.0,0.00011360891450001162
0.0,0.00011360330125005207
0.0,0.00011358158124975104
0.0,0.00011357931599992433
0.0,0.00011357282500009077
0.0,0.00011356461624995978
0.0,0.00011355954024995239
0.0,0.00011355479725011406
0.0,0.00011354546049990435
0.0,0.00011354385424991963
0.0,0.00011353591399996091
0.0,0.00011352943924991101
0.0,0.0001134607542499966
0.0,0.00011343530599998336
0.0,0.00011338873999999454
0.0,0.00011337061250000011
0.0,0.00011335684100000118
0.0,0.00011334299124999279
0.0,0.00011334108425002505
0.0,0.00011333199999998801
0.0,0.0001133184892500409
0.0,0.00011330515624993983
0.0,0.00011328692849992937
0.0,0.00011327437925003699
0.0,0.00011321965224995462
0.0,0.00011316040024978013
0.0,0.00011315543650002831
0.0,0.00011313635624989252
0.0,0.00011312654725033187
0.0,0.00011310629125001956
0.0,0.00011308567525001673
0.0,0.00011308284199980633
0.0,0.00011308144999995815
0.0,0.00011305844725022659
0.0,0.00011304974224993095
0.0,0.0001130492412500503
0.0,0.00011298462724996837
0.0,0.000112956746500042
0.0,0.00011295260500003224
0.0,0.00011292764850002055
0.0,0.00011292699124994084
0.0,0.00011290555624993602
0.0,0.00011290364649993448
0.0,0.00011288629700001615
0.0,0.00011288626024991064
0.0,0.0001128820432501021
0.0,0.00011284375625001154
0.0,0.00011283977800022324
0.0,0.00011282818599996131
0.0,0.00011282818100019714
0.0,0.00011279172500006146
0.0,0.0001127907369999896
0.0,0.00011276200000007197
0.0,0.00011275592850005966
0.0,0.00011272724425002652
0.0,0.00011267277125007893
0.0,0.00011266814924993661
0.0,0.00011262596850001226
0.0,0.00011262145849975523
0.0,0.0001126020260000388
0.0,0.00011260136499975944
0.0,0.00011258573525008604
0.0,0.00011257101249994362
0.0,0.00011254676800014635
0.0,0.00011253243625000617
0.0,0.00011251151424994697
0.0,0.00011250782424997678
0.0,0.00011248722725021689
0.0,0.0001124860250000028
0.0,0.00011247356525006371
0.0,0.00011245860625022484
0.0,0.00011243484924995373
0.0,0.00011242577649979655
0.0,0.0001124242249999465
0.0,0.00011241220825007453
0.0,0.0001123930682500207
0.0,0.00011237972050004263
0.0,0.00011235903299990047
0.0,0.00011234921624997399
0.0,0.00011233074425003613
0.0,0.00011232564124987898
0.0,0.00011231462499994192
0.0,0.000112311562500062
0.0,0.00011226457299997402
0.0,0.00011222599999990592
0.0,0.00011218948424997575
0.0,0.00011218010000021757
0.0,0.00011216596099976277
0.0,0.0001121501199999887
0.0,0.00011214924624988088
0.0,0.000112145112999933
0.0,0.00011214400500006087
0.0,0.00011214218724998228
0.0,0.0001121352019999974
0.0,0.0001121279342499987
0.0,0.00011212765225001724
0.0,0.00011211012099999503
0.0,0.000112095679249963
0.0,0.00011208953124998403
0.0,0.00011208554824975517
0.0,0.00011207707249990799
0.0,0.00011206584099992406
0.0,0.00011205831824994317
0.0,0.00011205372025005736
0.0,0.00011201015124994424
0.0,0.00011200873624989569
0.0,0.00011197365924971728
0.0,0.00011196352624998155
0.0,0.00011196001125000396
0.0,0.00011192965924997685
0.0,0.00011191894025002422
0.0,0.00011188994825018452
0.0,0.00011188692999995292
0.0,0.00011187480999997064
0.0,0.00011184509450003669
0.0,0.00011181763700003958
0.0,0.000111796281249875
0.0,0.00011175215624998648
0.0,0.00011173056025000717
0.0,0.00011170448200006945
0.0,0.00011169911250004781
0.0,0.00011169801250003488
0.0,0.00011169591324998042
0.0,0.00011169235250002682
0.0,0.00011167886525008673
0.0,0.00011165057999991778
0.0,0.00011163812500036995
0.0,0.00011163204499998218
0.0,0.00011163179525000422
0.0,0.00011161962925002305
0.0,0.00011160088250001767
0.0,0.00011159862499999438
0.0,0.0001115926925000441
0.0,0.00011159269200005376
0.0,0.0001115910370000616
0.0,0.0001115524250000018
0.0,0.00011154623649972708
0.0,0.00011151522499989051
0.0,0.00011150991049999416
0.0,0.00011150412499977627
0.0,0.00011150234500019717
0.0,0.00011145096500013937
0.0,0.00011143173049999837
0.0,0.00011135329224998364
0.0,0.00011124952449975803
0.0,0.00011120634899993193
0.0,0.00011120465449990179
0.0,0.00011118926250010985
0.0,0.00011117435650001011
0.0,0.00011115993124999245
0.0,0.00011115123124981371
0.0,0.00011114954450001707
0.0,0.00011114417250002993
0.0,0.00011114030649990114
0.0,0.00011113908725007975
0.0,0.00011112964999972738
0.0,0.00011110414624997247
0.0,0.00011109409999994751
0.0,0.00011109294725012164
0.0,0.00011107201225013587
0.0,0.00011105325024999956
0.0,0.00011104033625026095
0.0,0.00011101980325000692
0.0,0.00011099120624989032
0.0,0.00011098873250000534
0.0,0.00011090867824997667
0.0,0.00011089284124999289
0.0,0.00011088795425004759
0.0,0.00011084477625003856
0.0,0.0001108063490000788
0.0,0.00011076422424997938
0.0,0.00011076376924995521
0.0,0.00011075620050000524
0.0,0.00011075218900005518
0.0,0.00011072977624999404
0.0,0.00011072053450002547
0.0,0.00011071945025013094
0.0,0.0001107008324999409
0.0,0.00011068038124999118
0.0,0.00011067971724997288
0.0,0.00011064674050002383
0.0,0.00011062934500002466
0.0,0.00011061503049997062
0.0,0.00011060561725001448
0.0,0.00011060470450018927
0.0,0.00011056598124978594
0.0,0.0001105544312500161
0.0,0.00011055326525012144
0.0,0.00011055060250004723
0.0,0.00011053100500001001
0.0,0.00011049041450000669
0.0,0.00011048845050015167
0.0,0.00011048809250006268
0.0,0.00011046432499994276
0.0,0.00011045280249978126
0.0,0.00011044026500022205
0.0,0.00011043990324998265
0.0,0.00011042632625002102
0.0,0.00011042091050003926
0.0,0.00011037344224995658
0.0,0.00011036851599999727
0.0,0.00011036250000005186
0.0,0.00011035479025000552
0.0,0.00011034485450025247
0.0,0.00011032874500002972
0.0,0.00011030097249992954
0.0,0.0001102924040000515
0.0,0.00011024481249993154
0.0,0.00011023589300003898
0.0,0.00011016697699999661
0.0,0.00011016626849995754
0.0,0.00011014812499999129
0.0,0.00011014402100005283
0.0,0.00011011356500000106
0.0,0.00011005270449993465
0.0,0.00011003336499998135
0.0,0.0001100149772499083
0.0,0.00010997156650002034
0.0,0.00010995971724998387
0.0,0.00010994443225006577
0.0,0.00010993835225001024
0.0,0.00010993249999989384
0.0,0.00010992138250002717
0.0,0.00010991605725022254
0.0,0.00010988656224993935
0.0,0.00010988403125004089
0.0,0.00010988032400002558
0.0,0.00010985770625006295
0.0,0.00010984110249994578
0.0,0.00010983774249997727
0.0,0.0001098362725000973
0.0,0.00010983590050023961
0.0,0.00010983041600002419
0.0,0.00010980573249996332
0.0,0.00010972513000000852
0.0,0.00010968922324978762
0.0,0.0001096710612500185
0.0,0.00010965822499999947
0.0,0.00010965206525002893
0.0,0.00010962663725017758
0.0,0.00010960741250004083
0.0,0.00010958983524993352
0.0,0.00010958908999995983
0.0,0.00010958298324996788
0.0,0.00010956602499998657
0.0,0.00010954651625004754
0.0,0.00010954012499995377
0.0,0.00010952869250005755
0.0,0.00010950929724995173
0.0,0.0001094975252499864
0.0,0.00010949705649999775
0.0,0.00010947672424997512
0.0,0.00010945909125002583
0.0,0.00010944781299996388
0.0,0.00010944061300002755
0.0,0.0001094069502499413
0.0,0.00010939100525010165
0.0,0.0001093905250000505
0.0,0.00010939043124994169
0.0,0.00010938142625001082
0.0,0.00010937377025008436
0.0,0.00010935646249996937
0.0,0.00010932661324996977
0.0,0.00010927841125003604
0.0,0.00010927660500002905
0.0,0.00010925528225000642
0.0,0.00010919580125005269
0.0,0.00010918117800004097
0.0,0.00010915954924998258
0.0,0.00010915779399994919
0.0,0.0001091390799999515
0.0,0.00010911776900018224
0.0,0.00010910186050011945
0.0,0.00010909921525023745
0.0,0.00010906724025018772
0.0,0.0001090668702499597
0.0,0.00010906562499975582
0.0,0.00010899580250011003
0.0,0.0001089773412499836
0.0,0.0001089517610000151
0.0,0.00010894578124993618
0.0,0.00010893467649995759
0.0,0.00010892810724998404
0.0,0.00010891940724974556
0.0,0.00010891016525002114
0.0,0.00010890084999992569
0.0,0.00010889450500003051
0.0,0.0001088758969999936
0.0,0.00010887537799998006
0.0,0.00010878250900004128
0.0,0.00010876195624991643
0.0,0.00010875735124998667
0.0,0.00010871744500000666
0.0,0.00010867811125009637
0.0,0.00010866490849993949
0.0,0.00010865442724993939
0.0,0.00010865028249999838
0.0,0.00010863683124992367
0.0,0.00010859962099994126
0.0,0.00010858500425005536
0.0,0.00010854965650002252
0.0,0.00010853766099975757
0.0,0.00010849437850012917
0.0,0.00010848488500023884
0.0,0.0001084812500000684
0.0,0.00010846994499995044
0.0,0.00010843504324992482
0.0,0.00010842178824951824
0.0,0.00010839754324981355
0.0,0.00010838931325001544
0.0,0.00010838467249997853
0.0,0.00010838142650013339
0.0,0.00010835004625001592
0.0,0.00010833976325000639
0.0,0.00010830585125004115
0.0,0.00010830119449990349
0.0,0.00010819071924995478
0.0,0.00010816022500001305
0.0,0.00010814266449998616
0.0,0.00010813315025001981
0.0,0.00010812820624996113
0.0,0.0001081120024997327
0.0,0.00010810460800001543
0.0,0.00010809178000009603
0.0,0.00010809046250000762
0.0,0.00010804030249998787
0.0,0.00010804010000006676
0.0,0.00010803744250002882
0.0,0.00010802749699984212
0.0,0.00010799936500004219
0.0,0.00010799665224998665
0.0,0.00010797318725026379
0.0,0.00010796097925002202
0.0,0.00010795676050001066
0.0,0.00010795370525006275
0.0,0.00010793607724994666
0.0,0.0001079126572500905
0.0,0.00010790475050011372
0.0,0.0001078972025000493
0.0,0.00010788088250000412
0.0,0.00010786888025014445
0.0,0.00010785788124996426
0.0,0.0001078557849999993
0.0,0.00010785234499999825
0.0,0.00010784850050002448
0.0,0.00010783422499987879
0.0,0.00010782538325010615
0.0,0.00010777193049994123
0.0,0.00010774967850012729
0.0,0.00010773581624997516
0.0,0.00010773464525027623
0.0,0.00010770949799997414
0.0,0.00010769517249986761
0.0,0.0001076643939999163
0.0,0.0001076220402499623
0.0,0.00010755601249986278
0.0,0.00010755569249997434
0.0,0.0001075508432500232
0.0,0.00010753275124997266
0.0,0.00010748787725001747
0.0,0.00010747560324998798
0.0,0.0001074701562499697
0.0,0.00010746105525010386
0.0,0.00010745298249993453
0.0,0.00010743192500003065
0.0,0.0001074306250000291
0.0,0.00010742228725003814
0.0,0.00010741762225001403
0.0,0.0001074162262500768
0.0,0.00010741257324995568
0.0,0.00010738074424999657
0.0,0.00010736678025002709
0.0,0.00010734884525001584
0.0,0.00010733239325029323
0.0,0.0001072996249999531
0.0,0.00010729413125010271
0.0,0.00010729241299998136
0.0,0.00010726972825022558
0.0,0.00010724618650013484
0.0,0.00010724556200005825
0.0,0.00010723841824972375
0.0,0.00010723684099993656
0.0,0.00010721715050005997
0.0,0.00010719595450019341
0.0,0.00010717803649972561
0.0,0.00010717784499994181
0.0,0.00010717002125000672
0.0,0.00010715672499991599
0.0,0.00010713308450007784
0.0,0.00010712684925005848
0.0,0.00010712068225003308
0.0,0.00010708618824997278
0.0,0.00010707167125001822
0.0,0.00010705835024999293
0.0,0.00010705741250002605
0.0,0.00010701372999994508
0.0,0.00010700812625005477
0.0,0.00010697811200013343
0.0,0.00010694452500006566
0.0,0.0001069438262499685
0.0,0.00010693741600001929
0.0,0.0001069325562499545
0.0,0.00010691354649993952
0.0,0.00010687422849999878
0.0,0.00010684782800003506
0.0,0.00010684212499998296
0.0,0.00010684144525005662
0.0,0.0001068316250000595
0.0,0.00010682385625012994
0.0,0.00010681452499999677
0.0,0.00010680683724980363
0.0,0.00010678083649996958
0.0,0.0001067701482499824
0.0,0.0001067466252498488
0.0,0.00010673202124997417
0.0,0.00010670771725017673
0.0,0.00010670731249978876
0.0,0.00010665072500014192
0.0,0.00010663466225001692
0.0,0.00010663308325002301
0.0,0.00010661913999998554
0.0,0.00010661508124988048
0.0,0.00010660293650006002
0.0,0.00010658419524996288
0.0,0.00010658369699978741
0.0,0.0001065789732500233
0.0,0.00010657198250002743
0.0,0.00010656940724989744
0.0,0.00010655905000002354
0.0,0.00010655583524995764
0.0,0.0001065491650000285
0.0,0.00010647936900003195
0.0,0.00010644703700004844
0.0,0.00010641565700010412
0.0,0.00010640724999991672
0.0,0.00010640709425001693
0.0,0.0001063696885000135
0.0,0.00010635650000006683
0.0,0.00010633851224998071
0.0,0.00010633346825002641
0.0,0.00010629671825004212
0.0,0.00010628718049996134
0.0,0.00010628204625003445
0.0,0.00010625759324997425
0.0,0.00010625382325028152
0.0,0.000106235770000093
0.0,0.00010621917000006975
0.0,0.00010613008400005747
0.0,0.00010610778500007457
0.0,0.0001060776542500166
0.0,0.00010605520400012358
0.0,0.00010604584999997623
0.0,0.00010603538600002574
0.0,0.00010603062649979054
0.0,0.00010600818924997392
0.0,0.0001060048982500256
0.0,0.00010598861700014152
0.0,0.00010593224999998793
0.0,0.00010591170850000124
0.0,0.000105896182250061
0.0,0.00010588992325001016
0.0,0.00010586796424997378
0.0,0.00010582784499999148
0.0,0.00010580326099995092
0.0,0.00010579725924979031
0.0,0.00010575726500008044
0.0,0.00010574962250020634
0.0,0.00010574526850000134
0.0,0.00010573746249997648
0.0,0.00010571564249972373
0.0,0.00010571345800003333
0.0,0.00010564616824997017
0.0,0.00010562820724998733
0.0,0.00010560083300002965
0.0,0.00010557678825002257
0.0,0.00010557520199995065
0.0,0.00010555082499987731
0.0,0.00010554632324990363
0.0,0.00010554567025000626
0.0,0.00010554386900002651
0.0,0.0001055254684998905
0.0,0.00010552236249995265
0.0,0.00010551142849997576
0.0,0.0001055108402500317
0.0,0.00010547181324998116
0.0,0.00010545385599994907
0.0,0.00010543404999999948
0.0,0.00010537979125004608
0.0,0.00010536967124988293
0.0,0.00010535538050005954
0.0,0.00010535065250004823
0.0,0.00010534536999996151
0.0,0.0001053024782499711
0.0,0.00010528821124999193
0.0,0.00010528806800000267
0.0,0.00010528025625009826
0.0,0.00010524718525003872
0.0,0.00010524612024981542
0.0,0.00010523605850008965
0.0,0.00010520191250001336
0.0,0.00010520091250005957
0.0,0.00010519230624994083
0.0,0.0001051795142500478
0.0,0.00010512770000015585
0.0,0.0001051270644999724
0.0,0.00010511599249996615
0.0,0.000105107732499967
0.0,0.00010506595625009702
0.0,0.000105064135249771
0.0,0.00010505267725004776
0.0,0.00010504665625000281
0.0,0.00010502887525001332
0.0,0.00010502886125000865
0.0,0.00010502497024980625
0.0,0.0001050221132498738
0.0,0.00010500535699999998
0.0,0.00010497910925012673
0.0,0.00010496266224974951
0.0,0.00010496223049989371
0.0,0.00010496091124995956
0.0,0.00010494949925001922
0.0,0.00010493739224997258
0.0,0.00010493091725002508
0.0,0.00010491495624997764
0.0,0.00010490137299996096
0.0,0.0001048884372500794
0.0,0.00010488595325021583
0.0,0.00010487946025001087
0.0,0.0001048766942502501
0.0,0.00010484636499992183
0.0,0.00010483231025007086
0.0,0.00010482595625007295
0.0,0.00010482443824997754
0.0,0.00010480755199995893
0.0,0.0001047679824999208
0.0,0.00010476573649994301
0.0,0.00010474740125002198
0.0,0.00010474586050005744
0.0,0.00010472014450002632
0.0,0.00010470729625017486
0.0,0.00010469107024992733
0.0,0.0001046780012499543
0.0,0.00010467765650020026
0.0,0.00010464541250000643
0.0,0.00010464339650003075
0.0,0.00010463125300000149
0.0,0.00010462826049993995
0.0,0.00010460276450009
0.0,0.00010459189624984622
0.0,0.00010457763699989703
0.0,0.0001045242025000026
0.0,0.00010447215524992447
0.0,0.00010441250825007013
0.0,0.00010441244900000936
0.0,0.0001044025752498903
0.0,0.00010438451525001129
0.0,0.0001043841324999912
0.0,0.00010437702500003997
0.0,0.00010436700499987124
0.0,0.00010435934125002721
0.0,0.00010434608049994472
0.0,0.00010433259449999825
0.0,0.00010433188999997911
0.0,0.00010432410249994293
0.0,0.00010430084199994682
0.0,0.00010427485000000247
0.0,0.00010427481125001935
0.0,0.00010426783249999805
0.0,0.00010424957600004018
0.0,0.0001042455440000144
0.0,0.00010423970125005812
0.0,0.00010423970124998449
0.0,0.00010422675250005054
0.0,0.00010421382050001542
0.0,0.00010420318524999596
0.0,0.00010419569449999765
0.0,0.00010418784999984939
0.0,0.00010416864199975389
0.0,0.0001041501249998376
0.0,0.00010413127125022838
0.0,0.00010412345000001297
0.0,0.00010410090925005227
0.0,0.00010410058099999025
0.0,0.00010401668125014873
0.0,0.00010398363625000752
0.0,0.00010398243600004685
0.0,0.00010398212050001838
0.0,0.00010397434449999865
0.0,0.0001039731324999762
0.0,0.00010397129624980186
0.0,0.00010393845425006318
0.0,0.00010390053125001383
0.0,0.00010384815624993804
0.0,0.00010382292500004438
0.0,0.00010379960650005765
0.0,0.0001037970812500185
0.0,0.00010379685125000001
0.0,0.00010379417650000522
0.0,0.00010377984500004286
0.0,0.00010377123025003725
0.0,0.00010372050000001439
0.0,0.00010368886899994907
0.0,0.0001036539125004286
0.0,0.00010365242500006248
0.0,0.00010365099625004454
0.0,0.00010364778449999678
0.0,0.00010364468825008005
0.0,0.0001036384902499975
0.0,0.0001036328839999909
0.0,0.00010363038849997756
0.0,0.00010360608049992569
0.0,0.00010359337024999776
0.0,0.00010358908325000895
0.0,0.00010357665250006392
0.0,0.00010357365799972437
0.0,0.00010357218624998457
0.0,0.0001035651542499624
0.0,0.00010356505325005718
0.0,0.00010355301024999092
0.0,0.00010353920124995123
0.0,0.00010352770324997177
0.0,0.00010351362125005148
0.0,0.00010350008324996169
0.0,0.00010348871450021802
0.0,0.00010348754050001728
0.0,0.00010348013299990984
0.0,0.00010347376450006309
0.0,0.00010344302800001484
0.0,0.00010340540899995512
0.0,0.00010339351299988364
0.0,0.00010339299999995782
0.0,0.00010338532625008
0.0,0.00010335323450008386
0.0,0.00010334282124992053
0.0,0.0001033330184999099
0.0,0.00010329819249978419
0.0,0.00010326017824996257
0.0,0.00010324738124992589
0.0,0.00010320097449998544
0.0,0.00010314297625004957
0.0,0.00010314282500000804
0.0,0.00010313472725003716
0.0,0.00010313422599994881
0.0,0.00010313047824996727
0.0,0.00010312787525002264
0.0,0.00010307610000003057
0.0,0.00010306462499999024
0.0,0.00010306343825006873
0.0,0.00010303507400009883
0.0,0.00010303196899996018
0.0,0.00010301224624999659
0.0,0.00010300405000005513
0.0,0.00010300241825006387
0.0,0.00010298004625003407
0.0,0.00010295738825001787
0.0,0.00010294196124986209
0.0,0.00010293300099998385
0.0,0.00010292726600003653
0.0,0.00010292697999994674
0.0,0.00010290012649999836
0.0,0.00010289806850004346
0.0,0.00010289532100002927
0.0,0.00010289300050004648
0.0,0.00010289063300018443
0.0,0.0001028888530001474
0.0,0.00010286005000005138
0.0,0.00010282285000006168
0.0,0.0001028099584998928
0.0,0.00010280191924995295
0.0,0.00010276103525002527
0.0,0.00010275738399993369
0.0,0.00010275432499996406
0.0,0.0001027536972500714
0.0,0.00010275361000000518
0.0,0.00010275246249996474
0.0,0.000102728650000005
0.0,0.00010270602500001252
0.0,0.00010269625699997566
0.0,0.0001026933410000223
0.0,0.00010268306425000959
0.0,0.00010268112500000385
0.0,0.00010267188100006337
0.0,0.00010266577999995083
0.0,0.0001026594942499735
0.0,0.00010265864650007992
0.0,0.00010261361800004323
0.0,0.00010260954625001317
0.0,0.00010257733624995414
0.0,0.00010257197800022898
0.0,0.0001025551052501237
0.0,0.00010255365000004433
0.0,0.00010254992899996673
0.0,0.00010254658599992112
0.0,0.00010253352500002688
0.0,0.00010249563924998648
0.0,0.00010246441824991747
0.0,0.00010246236050003637
0.0,0.00010244446225000169
0.0,0.00010243284500001637
0.0,0.00010242304249992906
0.0,0.00010241195600000651
0.0,0.00010235631125010045
0.0,0.00010233604099990392
0.0,0.00010233561050008983
0.0,0.00010231781800004403
0.0,0.00010231034125002368
0.0,0.00010230201000001099
0.0,0.00010230067324999424
0.0,0.0001022883065000356
0.0,0.00010228737650004337
0.0,0.0001022805372499636
0.0,0.0001022312425003278
0.0,0.00010222555324999923
0.0,0.00010221930850011696
0.0,0.00010221249999995576
0.0,0.00010218089300000605
0.0,0.00010216563250001223
0.0,0.00010216440900004281
0.0,0.00010214425000003524
0.0,0.0001021398970001059
0.0,0.00010212637724996681
0.0,0.00010212082600005871
0.0,0.00010211536625002223
0.0,0.00010208369649980665
0.0,0.00010207568050000701
0.0,0.00010206309624975345
0.0,0.00010205448650001445
0.0,0.00010200580200003555
0.0,0.0001020007382501335
0.0,0.00010199002600010862
0.0,0.00010198485799996198
0.0,0.00010197732850001096
0.0,0.00010197175850000891
0.0,0.00010196580250004447
0.0,0.00010192247225002957
0.0,0.00010191062499999469
0.0,0.00010190832499997313
0.0,0.00010190618499998362
0.0,0.00010189641250003196
0.0,0.000101880104500025
0.0,0.00010186692500000673
0.0,0.00010185938424993359
0.0,0.0001018589682498405
0.0,0.00010185821000030511
0.0,0.00010185721624999405
0.0,0.00010184810000010598
0.0,0.00010184449725023188
0.0,0.00010184004725004618
0.0,0.00010183662249998876
0.0,0.00010180949199994546
0.0,0.0001017774792500317
0.0,0.00010176055425001517
0.0,0.00010172456124998703
0.0,0.00010172423224998323
0.0,0.00010168388425002307
0.0,0.00010162481849998826
0.0,0.00010160865650021687
0.0,0.0001015796832499819
0.0,0.00010148404825000083
0.0,0.00010147791125002169
0.0,0.00010147683824994892
0.0,0.000101466762249992
0.0,0.00010141296499996554
0.0,0.00010139684424981466
0.0,0.00010137528649998323
0.0,0.00010136901825001273
0.0,0.00010134154125009145
0.0,0.00010132320500002275
0.0,0.00010131188125001757
0.0,0.00010131092500008333
0.0,0.00010127471050000656
0.0,0.00010126808500001433
0.0,0.00010125040024989098
0.0,0.00010123361299996951
0.0,0.00010119912499995654
0.0,0.00010117627249997355
0.0,0.00010115660500007107
0.0,0.00010113762499993315
0.0,0.00010113362450003493
0.0,0.00010111116324999051
0.0,0.00010106400999995179
0.0,0.00010105409699980672
0.0,0.00010101934124995371
0.0,0.00010099778000002341
0.0,0.00010099124125000825
0.0,0.00010098671425002855
0.0,0.00010097544725013138
0.0,0.00010096911249992172
0.0,0.00010094029649981207
0.0,0.0001009201782499878
0.0,0.00010091620624981845
0.0,0.00010090580625001134
0.0,0.00010090226525024698
0.0,0.00010088129724992701
0.0,0.00010088103399996692
0.0,0.00010084741299998601
0.0,0.00010084655424999538
0.0,0.00010084201524995381
0.0,0.00010084045000006422
0.0,0.0001008288362502115
0.0,0.00010082489425000603
0.0,0.00010081341450010581
0.0,0.00010081180099993467
0.0,0.0001007836839999731
0.0,0.00010078324999998481
0.0,0.00010074198825001576
0.0,0.00010072685249991414
0.0,0.00010071954850011169
0.0,0.00010070641800004683
0.0,0.00010069205000015494
0.0,0.00010068005249997373
0.0,0.00010064664999995682
0.0,0.00010062362599985425
0.0,0.00010062221424998712
0.0,0.00010060039924998257
0.0,0.00010059853725001551
0.0,0.00010059297424998116
0.0,0.00010058682624994206
0.0,0.00010058441000004837
0.0,0.00010058396725000604
0.0,0.00010057689624979384
0.0,0.00010057251424997108
0.0,0.00010057169700017983
0.0,0.00010057145124994545
0.0,0.00010056840724979982
0.0,0.00010054725024987095
0.0,0.00010053382049991508
0.0,0.00010050898624999199
0.0,0.00010045499424995637
0.0,0.00010042328924983319
0.0,0.00010042092500005565
0.0,0.00010040086025002177
0.0,0.0001003986912499993
0.0,0.00010039357024992786
0.0,0.00010036953625000907
0.0,0.00010035522500004737
0.0,0.00010035312499997869
0.0,0.00010034676200003439
0.0,0.00010033597449985925
0.0,0.00010032512900001392
0.0,0.00010029936199993786
0.0,0.00010028597200003491
0.0,0.00010027884799996631
0.0,0.00010027417724997443
0.0,0.00010027326249998906
0.0,0.00010026922025006715
0.0,0.00010026850325006428
0.0,0.00010023625000010156
0.0,0.00010022570000002405
0.0,0.00010021778900002511
0.0,0.00010020912500002405
0.0,0.00010020272449998155
0.0,0.00010018378449997246
0.0,0.00010014876999995649
0.0,0.00010010803399996315
0.0,0.00010010767449999334
0.0,0.00010010042499999176
0.0,0.00010005000624997606
0.0,0.00010003742500000251
0.0,0.00010001776625019509
0.0,0.0001000145112500161
0.0,0.00010001258124967364
0.0,0.0001000058000001865
0.0,9.999828499985804e-05
0.0,9.998492449998844e-05
0.0,9.99506344999284e-05
0.0,9.992063824998011e-05
0.0,9.991249000002741e-05
0.0,9.988966325001646e-05
0.0,9.987404500001317e-05
0.0,9.987404050002757e-05
0.0,9.984772999991157e-05
0.0,9.983599625001553e-05
0.0,9.982967450001912e-05
0.0,9.981907324973469e-05
0.0,9.979644100002176e-05
0.0,9.979278425002199e-05
0.0,9.978973224992584e-05
0.0,9.978738525001251e-05
0.0,9.978202099993767e-05
0.0,9.978147999998961e-05
0.0,9.9773185000053e-05
0.0,9.977186124998172e-05
0.0,9.974452500001971e-05
0.0,9.97410564999267e-05
0.0,9.972794499999803e-05
0.0,9.963749649994043e-05
0.0,9.962030499968242e-05
0.0,9.960923724996359e-05
0.0,9.960387049989813e-05
0.0,9.959924825002598e-05
0.0,9.958955425006864e-05
0.0,9.9583396249698e-05
0.0,9.957066724984904e-05
0.0,9.951273250012531e-05
0.0,9.948970250007453e-05
0.0,9.947806849968243e-05
0.0,9.947762499996873e-05
0.0,9.947171025015117e-05
0.0,9.947148625001932e-05
0.0,9.946096225000687e-05
0.0,9.945556200004712e-05
0.0,9.94543422500366e-05
0.0,9.945289325007812e-05
0.0,9.94281250000547e-05
0.0,9.941030800001319e-05
0.0,9.94049544999531e-05
0.0,9.939701524988067e-05
0.0,9.938262499982158e-05
0.0,9.936693225003838e-05
0.0,9.935814250011592e-05
0.0,9.932681524996143e-05
0.0,9.932669225020283e-05
0.0,9.931113625006701e-05
0.0,9.925262500003856e-05
0.0,9.924532824983073e-05
0.0,9.924453849994745e-05
0.0,9.923274849993734e-05
0.0,9.922663924999338e-05
0.0,9.921722500003542e-05
0.0,9.921653049996533e-05
0.0,9.920738000004201e-05
0.0,9.919554500003101e-05
0.0,9.917627850000648e-05
0.0,9.917289850002513e-05
0.0,9.916535524998063e-05
0.0,9.916396425024217e-05
0.0,9.916369999996385e-05
0.0,9.915638525001408e-05
0.0,9.915589925022345e-05
0.0,9.911724499995472e-05
0.0,9.911232500004402e-05
0.0,9.910837225006466e-05
0.0,9.910356124976987e-05
0.0,9.907835200016552e-05
0.0,9.905556249980178e-05
0.0,9.905387724997396e-05
0.0,9.903904250024807e-05
0.0,9.902644999988147e-05
0.0,9.902393124996736e-05
0.0,9.90159062499594e-05
0.0,9.901550125005707e-05
0.0,9.900212899995525e-05
0.0,9.898122499988758e-05
0.0,9.897289249971998e-05
0.0,9.895226500001534e-05
0.0,9.893640500011275e-05
0.0,9.891076899975419e-05
0.0,9.885128500001738e-05
0.0,9.883869024999902e-05
0.0,9.883450600009696e-05
0.0,9.880393524998256e-05
0.0,9.878959700017603e-05
0.0,9.877562499992869e-05
0.0,9.877424500001412e-05
0.0,9.875812500001531e-05
0.0,9.874165925002432e-05
0.0,9.873401625000185e-05
0.0,9.871230650000729e-05
0.0,9.870525124993176e-05
0.0,9.864588500000054e-05
0.0,9.863369050000487e-05
0.0,9.861620525007786e-05
0.0,9.860226724995627e-05
0.0,9.860138324997169e-05
0.0,9.854214724994823e-05
0.0,9.852767825016775e-05
0.0,9.847300000003603e-05
0.0,9.845021599979468e-05
0.0,9.844039324999286e-05
0.0,9.842124999976401e-05
0.0,9.839778125000887e-05
0.0,9.839132500007861e-05
0.0,9.837853449995451e-05
0.0,9.837258399999425e-05
0.0,9.835295825005606e-05
0.0,9.834560000006615e-05
0.0,9.833260925003213e-05
0.0,9.832767399999359e-05
0.0,9.831372125003431e-05
0.0,9.829090625001786e-05
0.0,9.82898222499203e-05
0.0,9.827963225021545e-05
0.0,9.82583162500053e-05
0.0,9.824506250000244e-05
0.0,9.822287650018416e-05
0.0,9.822159125001999e-05
0.0,9.82204604999326e-05
0.0,9.818363250005402e-05
0.0,9.817837225002991e-05
0.0,9.817314124954438e-05
0.0,9.815929700000843e-05
0.0,9.815348800011155e-05
0.0,9.812508799998364e-05
0.0,9.809658899999014e-05
0.0,9.80924562500165e-05
0.0,9.808985800002667e-05
0.0,9.80797600000821e-05
0.0,9.800752724983007e-05
0.0,9.797417125014741e-05
0.0,9.793693325015769e-05
0.0,9.792886024971441e-05
0.0,9.792047225002414e-05
0.0,9.791943625006383e-05
0.0,9.791615250002349e-05
0.0,9.791494324996549e-05
0.0,9.780895325010233e-05
0.0,9.779985924999797e-05
0.0,9.779487700001323e-05
0.0,9.778791999993198e-05
0.0,9.778417650017766e-05
0.0,9.777176824994773e-05
0.0,9.776044999995367e-05
0.0,9.775246499977628e-05
0.0,9.774632500006786e-05
0.0,9.770598124987897e-05
0.0,9.770120649999453e-05
0.0,9.770108500012157e-05
0.0,9.769186099957365e-05
0.0,9.76849592500122e-05
0.0,9.768368124989472e-05
0.0,9.767322499994825e-05
0.0,9.766953124999914e-05
0.0,9.766170624997937e-05
0.0,9.76289000002994e-05
0.0,9.762434100006739e-05
0.0,9.762034824993406e-05
0.0,9.76170512500335e-05
0.0,9.761220624988937e-05
0.0,9.759797325020537e-05
0.0,9.759674500016508e-05
0.0,9.759463250026317e-05
0.0,9.758355324992689e-05
0.0,9.757097299996412e-05
0.0,9.755402499997162e-05
0.0,9.755050850022471e-05
0.0,9.75311209997433e-05
0.0,9.751152049994545e-05
0.0,9.750384424999284e-05
0.0,9.750086724987673e-05
0.0,9.748160499980864e-05
0.0,9.745529624995821e-05
0.0,9.743334049976035e-05
0.0,9.742802225001816e-05
0.0,9.742016800000272e-05
0.0,9.739431324998996e-05
0.0,9.738747450006253e-05
0.0,9.738526449998356e-05
0.0,9.734846225004695e-05
0.0,9.734767224996667e-05
0.0,9.734027725009606e-05
0.0,9.73089000000392e-05
0.0,9.730849000001754e-05
0.0,9.729983700001581e-05
0.0,9.728464400000107e-05
0.0,9.727049249977815e-05
0.0,9.726608424991598e-05
0.0,9.725459125000031e-05
0.0,9.724167050015548e-05
0.0,9.72342152499265e-05
0.0,9.721357924993475e-05
0.0,9.721224024997159e-05
0.0,9.718266624995707e-05
0.0,9.717760450024742e-05
0.0,9.714713425014365e-05
0.0,9.710491824996903e-05
0.0,9.709952650018596e-05
0.0,9.706396499995759e-05
0.0,9.705706625003476e-05
0.0,9.704118625004595e-05
0.0,9.703841049974756e-05
0.0,9.703698624988663e-05
0.0,9.703470649980619e-05
0.0,9.697912250004186e-05
0.0,9.697549825000679e-05
0.0,9.6964200499991e-05
0.0,9.696130099974569e-05
0.0,9.693322850007066e-05
0.0,9.6883112249893e-05
0.0,9.687497525009568e-05
0.0,9.687339250000241e-05
0.0,9.687229424998929e-05
0.0,9.687120400010239e-05
0.0,9.686722024998008e-05
0.0,9.68655162502561e-05
0.0,9.686492325000528e-05
0.0,9.68444972498606e-05
0.0,9.684136025007818e-05
0.0,9.68353000000602e-05
0.0,9.68291762500367e-05
0.0,9.682909699993629e-05
0.0,9.679964500000468e-05
0.0,9.679722724972918e-05
0.0,9.678442624984133e-05
0.0,9.677912499993502e-05
0.0,9.677861525000055e-05
0.0,9.677702224996955e-05
0.0,9.677110050002841e-05
0.0,9.675843199998567e-05
0.0,9.675798250002777e-05
0.0,9.675667325002613e-05
0.0,9.675542924997101e-05
0.0,9.674309125000516e-05
0.0,9.67004262500278e-05
0.0,9.669993625025142e-05
0.0,9.669682849993292e-05
0.0,9.6686899999994e-05
0.0,9.668200100006821e-05
0.0,9.665514725006521e-05
0.0,9.665266500001306e-05
0.0,9.66490132500532e-05
0.0,9.661304250000782e-05
0.0,9.660999724992752e-05
0.0,9.659776100021102e-05
0.0,9.657343625007266e-05
0.0,9.656525000043231e-05
0.0,9.655530050002104e-05
0.0,9.655382249993891e-05
0.0,9.654746624995916e-05
0.0,9.65426124999762e-05
0.0,9.654248124994466e-05
0.0,9.651956724994086e-05
0.0,9.651861849998609e-05
0.0,9.64985650000129e-05
0.0,9.64841244999971e-05
0.0,9.644579424991469e-05
0.0,9.64215032500045e-05
0.0,9.641938024993256e-05
0.0,9.641277699998899e-05
0.0,9.64056062499695e-05
0.0,9.638382500000595e-05
0.0,9.63836525000125e-05
0.0,9.632515324998423e-05
0.0,9.630841999994712e-05
0.0,9.627576399999183e-05
0.0,9.626115200009387e-05
0.0,9.62425040000264e-05
0.0,9.624088324999938e-05
0.0,9.62097440002493e-05
0.0,9.616243249983525e-05
0.0,9.614433599996634e-05
0.0,9.614121624994655e-05
0.0,9.612882099985275e-05
0.0,9.60849485000179e-05
0.0,9.608161050006159e-05
0.0,9.608097699995499e-05
0.0,9.607668050001e-05
0.0,9.607397050005509e-05
0.0,9.606814424999871e-05
0.0,9.604889825026692e-05
0.0,9.604608499993523e-05
0.0,9.604154249999512e-05
0.0,9.60088850000998e-05
0.0,9.600624999988263e-05
0.0,9.599677425002075e-05
0.0,9.598121000007788e-05
0.0,9.597888625010375e-05
0.0,9.594170650005493e-05
0.0,9.589588424999903e-05
0.0,9.586256125002364e-05
0.0,9.585739824997492e-05
0.0,9.585081249997359e-05
0.0,9.58469649999764e-05
0.0,9.58464102500076e-05
0.0,9.584269524999342e-05
0.0,9.583850049994355e-05
0.0,9.583720625000954e-05
0.0,9.580403125002032e-05
0.0,9.579985424992749e-05
0.0,9.576112500002076e-05
0.0,9.573049825000001e-05
0.0,9.570376525005556e-05
0.0,9.569453049986079e-05
0.0,9.568299725004763e-05
0.0,9.567969999990598e-05
0.0,9.567540625018624e-05
0.0,9.567405624996074e-05
0.0,9.565497325026575e-05
0.0,9.564084999992238e-05
0.0,9.563675199984524e-05
0.0,9.559393250005703e-05
0.0,9.559124999992954e-05
0.0,9.558335300005183e-05
0.0,9.556603450002758e-05
0.0,9.553340925000462e-05
0.0,9.552278450002793e-05
0.0,9.552202524997004e-05
0.0,9.55174904999896e-05
0.0,9.545540000006202e-05
0.0,9.544382325005699e-05
0.0,9.544144099998598e-05
0.0,9.543032499996479e-05
0.0,9.542122850008205e-05
0.0,9.541760000003887e-05
0.0,9.540586224997983e-05
0.0,9.538500925000072e-05
0.0,9.537373250000653e-05
0.0,9.537061224995712e-05
0.0,9.534338425007383e-05
0.0,9.531782499984591e-05
0.0,9.529307124997224e-05
0.0,9.52926582500646e-05
0.0,9.528895999997642e-05
0.0,9.528154250000309e-05
0.0,9.528057424999545e-05
0.0,9.527012200005193e-05
0.0,9.526119999999998e-05
0.0,9.524876124985559e-05
0.0,9.524070124979803e-05
0.0,9.523945000000777e-05
0.0,9.520478499993484e-05
0.0,9.520435525002836e-05
0.0,9.519724999986424e-05
0.0,9.518879250016305e-05
0.0,9.51859525000067e-05
0.0,9.517394899996899e-05
0.0,9.515934850001769e-05
0.0,9.514957600022933e-05
0.0,9.514135850006536e-05
0.0,9.513184900003903e-05
0.0,9.509346624990978e-05
0.0,9.508820625016463e-05
0.0,9.508302499976026e-05
0.0,9.504532999998592e-05
0.0,9.502893649984504e-05
0.0,9.498946500004732e-05
0.0,9.497282125005296e-05
0.0,9.497070400003567e-05
0.0,9.496589050010205e-05
0.0,9.495505825005517e-05
0.0,9.494769249993195e-05
0.0,9.494464450004454e-05
0.0,9.493772500013476e-05
0.0,9.492406424999096e-05
0.0,9.49123079997695e-05
0.0,9.489201125006392e-05
0.0,9.48481250002613e-05
0.0,9.484190125008831e-05
0.0,9.481536499979992e-05
0.0,9.481111524997383e-05
0.0,9.479905249995933e-05
0.0,9.479842099983194e-05
0.0,9.479720000002396e-05
0.0,9.47463132500038e-05
0.0,9.474102624987542e-05
0.0,9.473184025021478e-05
0.0,9.471323600018658e-05
0.0,9.469581249995141e-05
0.0,9.468263724992499e-05
0.0,9.464586499999585e-05
0.0,9.464563999993716e-05
0.0,9.46199262499767e-05
0.0,9.461806649999466e-05
0.0,9.461693250003669e-05
0.0,9.461573325012421e-05
0.0,9.461093299996618e-05
0.0,9.45845044999597e-05
0.0,9.458112500005461e-05
0.0,9.457755700011353e-05
0.0,9.45696822500144e-05
0.0,9.456454824997104e-05
0.0,9.454392024995255e-05
0.0,9.453477049998127e-05
0.0,9.453097449976539e-05
0.0,9.451762849989086e-05
0.0,9.451422624997241e-05
0.0,9.451225600002958e-05
0.0,9.45041562500583e-05
0.0,9.446153799997742e-05
0.0,9.445887124977776e-05
0.0,9.445712525004378e-05
0.0,9.442673824994961e-05
0.0,9.442393250015606e-05
0.0,9.441706250006864e-05
0.0,9.4416847999996e-05
0.0,9.441610000010866e-05
0.0,9.438578124972328e-05
0.0,9.438208525011031e-05
0.0,9.436392499990961e-05
0.0,9.43610210000419e-05
0.0,9.435605799997494e-05
0.0,9.433449700042748e-05
0.0,9.432845000016958e-05
0.0,9.432205325004193e-05
0.0,9.431212499998062e-05
0.0,9.429770600003393e-05
0.0,9.429731725027245e-05
0.0,9.429227300001746e-05
0.0,9.428020824994916e-05
0.0,9.42768462499553e-05
0.0,9.427493124992639e-05
0.0,9.426122500016517e-05
0.0,9.421997050003763e-05
0.0,9.420106724998637e-05
0.0,9.419725924991637e-05
0.0,9.418672924996067e-05
0.0,9.417737649996135e-05
0.0,9.414134500003846e-05
0.0,9.412625000015423e-05
0.0,9.412062500002884e-05
0.0,9.412024399995464e-05
0.0,9.411492249985558e-05
0.0,9.409997250015722e-05
0.0,9.409562499994734e-05
0.0,9.408071525016291e-05
0.0,9.405205924997458e-05
0.0,9.403479200000082e-05
0.0,9.402499999997441e-05
0.0,9.401759999981176e-05
0.0,9.401094124999697e-05
0.0,9.400335724978546e-05
0.0,9.399006500002399e-05
0.0,9.395929224991642e-05
0.0,9.395833000000063e-05
0.0,9.395361725003979e-05
0.0,9.393783125000612e-05
0.0,9.392134924995877e-05
0.0,9.390201925002768e-05
0.0,9.3897316249941e-05
0.0,9.389591725001007e-05
0.0,9.387777724975584e-05
0.0,9.38750899998856e-05
0.0,9.387305000001903e-05
0.0,9.385375925006027e-05
0.0,9.38394162503282e-05
0.0,9.383216724998065e-05
0.0,9.382171250002982e-05
0.0,9.3817672249966e-05
0.0,9.38170782498889e-05
0.0,9.381622049992759e-05
0.0,9.380878624995165e-05
0.0,9.379527699996621e-05
0.0,9.378371225003814e-05
0.0,9.376858899998317e-05
0.0,9.375394224971041e-05
0.0,9.37528962500499e-05
0.0,9.374139024997778e-05
0.0,9.37135864999244e-05
0.0,9.370612225007553e-05
0.0,9.368919625001073e-05
0.0,9.368588500001877e-05
0.0,9.36855125000429e-05
0.0,9.368461250003355e-05
0.0,9.367681324979463e-05
0.0,9.367321300000817e-05
0.0,9.366430849990546e-05
0.0,9.362747924998582e-05
0.0,9.362410624980131e-05
0.0,9.361513600002799e-05
0.0,9.35946504998518e-05
0.0,9.3540278249829e-05
0.0,9.352227625020392e-05
0.0,9.348582500022024e-05
0.0,9.348161424997063e-05
0.0,9.348037450000012e-05
0.0,9.34693692500264e-05
0.0,9.346689924978906e-05
0.0,9.346523050003e-05
0.0,9.345865000006445e-05
0.0,9.345505324993629e-05
0.0,9.343327224997816e-05
0.0,9.341323025001172e-05
0.0,9.341254624998752e-05
0.0,9.339603650006126e-05
0.0,9.339098624999253e-05
0.0,9.335042824994602e-05
0.0,9.328770724979912e-05
0.0,9.328730450000093e-05
0.0,9.323716825004015e-05
0.0,9.323285850002056e-05
0.0,9.321525450009257e-05
0.0,9.321417650003775e-05
0.0,9.320020425003448e-05
0.0,9.316897524996275e-05
0.0,9.31638282500355e-05
0.0,9.316307450001822e-05
0.0,9.313662499974121e-05
0.0,9.31336865000044e-05
0.0,9.313270250017205e-05
0.0,9.312473125008422e-05
0.0,9.311983524998745e-05
0.0,9.311450000000527e-05
0.0,9.311252624971613e-05
0.0,9.308903125000115e-05
0.0,9.308727700002978e-05
0.0,9.307923525003275e-05
0.0,9.300008000002779e-05
0.0,9.299880849997565e-05
0.0,9.299209999995102e-05
0.0,9.297712124995154e-05
0.0,9.29768172498377e-05
0.0,9.294742024998805e-05
0.0,9.294577249999228e-05
0.0,9.293956025024824e-05
0.0,9.293561225002684e-05
0.0,9.293085000007236e-05
0.0,9.292629699999594e-05
0.0,9.291384500002026e-05
0.0,9.28969245000433e-05
0.0,9.288001125014579e-05
0.0,9.284708499993167e-05
0.0,9.283860000010415e-05
0.0,9.283051699993661e-05
0.0,9.282109225000422e-05
0.0,9.28086850000395e-05
0.0,9.278598600001852e-05
0.0,9.277984624992879e-05
0.0,9.277342624994836e-05
0.0,9.277070900004163e-05
0.0,9.277014625000066e-05
0.0,9.27691925000425e-05
0.0,9.276744025008932e-05
0.0,9.274650400003062e-05
0.0,9.274608049995862e-05
0.0,9.274512200000933e-05
0.0,9.273639999997017e-05
0.0,9.268946599999631e-05
0.0,9.267955699994564e-05
0.0,9.266342500010137e-05
0.0,9.265565799988182e-05
0.0,9.265560624993662e-05
0.0,9.264381249996672e-05
0.0,9.263331849974893e-05
0.0,9.262595049998527e-05
0.0,9.262580625003222e-05
0.0,9.261988825007241e-05
0.0,9.261865000003891e-05
0.0,9.261200000003204e-05
0.0,9.259826499999861e-05
0.0,9.259104199996546e-05
0.0,9.258946599999931e-05
0.0,9.25637000001191e-05
0.0,9.251223324994976e-05
0.0,9.24853692499933e-05
0.0,9.246497124996877e-05
0.0,9.242950824981218e-05
0.0,9.240837049995774e-05
0.0,9.237928500024284e-05
0.0,9.237892225006676e-05
0.0,9.23711044999972e-05
0.0,9.236623624989802e-05
0.0,9.23462569999555e-05
0.0,9.232405624997613e-05
0.0,9.232313225006065e-05
0.0,9.231198525001999e-05
0.0,9.229924100008242e-05
0.0,9.22759784999778e-05
0.0,9.227166500004808e-05
0.0,9.225206600002073e-05
0.0,9.224437925001633e-05
0.0,9.223154125006188e-05
0.0,9.215041250006494e-05
0.0,9.214787825006582e-05
0.0,9.214034000001333e-05
0.0,9.213912500010085e-05
0.0,9.211641325001476e-05
0.0,9.210714500004422e-05
0.0,9.209682000005154e-05
0.0,9.208459825002864e-05
0.0,9.207605249995251e-05
0.0,9.20689779999617e-05
0.0,9.20668872499653e-05
0.0,9.203048000026821e-05
0.0,9.202936225000668e-05
0.0,9.201321699996043e-05
0.0,9.201042499995679e-05
0.0,9.198444250002789e-05
0.0,9.196876225001098e-05
0.0,9.194606600021192e-05
0.0,9.194479450003656e-05
0.0,9.1944290250193e-05
0.0,9.193719199995487e-05
0.0,9.192731299996007e-05
0.0,9.189860499999213e-05
0.0,9.189312499997215e-05
0.0,9.187725125001689e-05
0.0,9.187121425000285e-05
0.0,9.186907224988875e-05
0.0,9.186487300003968e-05
0.0,9.185508899989893e-05
0.0,9.185285525002042e-05
0.0,9.181814650001998e-05
0.0,9.177110500004773e-05
0.0,9.176491525005048e-05
0.0,9.175862125020303e-05
0.0,9.174872924994193e-05
0.0,9.172956425006277e-05
0.0,9.172526799995194e-05
0.0,9.1712001999996e-05
0.0,9.169385799995348e-05
0.0,9.168100524999818e-05
0.0,9.166685199995056e-05
0.0,9.165134424996284e-05
0.0,9.164858400002628e-05
0.0,9.161084124995079e-05
0.0,9.156874024991897e-05
0.0,9.156117125000808e-05
0.0,9.154325000008842e-05
0.0,9.152972649992493e-05
0.0,9.152542449999314e-05
0.0,9.14861562500387e-05
0.0,9.147979824996637e-05
0.0,9.146700249999194e-05
0.0,9.146349700008296e-05
0.0,9.145938424995575e-05
0.0,9.144916250000168e-05
0.0,9.14452772500063e-05
0.0,9.144378125007976e-05
0.0,9.144353599998998e-05
0.0,9.14384545000566e-05
0.0,9.142945999995468e-05
0.0,9.140558125018055e-05
0.0,9.139915025000929e-05
0.0,9.139610000028026e-05
0.0,9.138496999996111e-05
0.0,9.137602825000703e-05
0.0,9.135828125011325e-05
0.0,9.134231299996675e-05
0.0,9.132692425000704e-05
0.0,9.132022799998655e-05
0.0,9.131529999986649e-05
0.0,9.129198425002311e-05
0.0,9.129033225009708e-05
0.0,9.128981250020911e-05
0.0,9.128902600001773e-05
0.0,9.128234649999501e-05
0.0,9.126976625020826e-05
0.0,9.126628924997237e-05
0.0,9.125228925002408e-05
0.0,9.124278649999278e-05
0.0,9.123917649997825e-05
0.0,9.122646250001674e-05
0.0,9.122452225002048e-05
0.0,9.122366250003079e-05
0.0,9.12019112501985e-05
0.0,9.119790649998635e-05
0.0,9.118446124995318e-05
0.0,9.113762500005158e-05
0.0,9.113588725001546e-05
0.0,9.112757525005925e-05
0.0,9.111282925008808e-05
0.0,9.110440450004538e-05
0.0,9.108188125000662e-05
0.0,9.107747450000797e-05
0.0,9.106921000012554e-05
0.0,9.106878924988636e-05
0.0,9.105897049999877e-05
0.0,9.100740850022679e-05
0.0,9.099084024996602e-05
0.0,9.094558850022273e-05
0.0,9.093902499999134e-05
0.0,9.093189625000969e-05
0.0,9.093056199998244e-05
0.0,9.091257925003518e-05
0.0,9.091198624999612e-05
0.0,9.088194725001089e-05
0.0,9.088068624995703e-05
0.0,9.08801622500485e-05
0.0,9.087844999995376e-05
0.0,9.086986224999814e-05
0.0,9.086147425000141e-05
0.0,9.085646250000325e-05
0.0,9.084096250000104e-05
0.0,9.081562824987392e-05
0.0,9.079772849999861e-05
0.0,9.077457325001111e-05
0.0,9.075910050001687e-05
0.0,9.073580049986852e-05
0.0,9.072449449988617e-05
0.0,9.071947524989991e-05
0.0,9.07117542501814e-05
0.0,9.070953125003512e-05
0.0,9.06900902500415e-05
0.0,9.068793424998188e-05
0.0,9.068353999993152e-05
0.0,9.064089849998253e-05
0.0,9.064024999984007e-05
0.0,9.063308725002216e-05
0.0,9.06316250002002e-05
0.0,9.061661825007502e-05
0.0,9.059899300002754e-05
0.0,9.059614650006671e-05
0.0,9.057436999997664e-05
0.0,9.057433025009084e-05
0.0,9.05307852499936e-05
0.0,9.052270249995462e-05
0.0,9.052204024998385e-05
0.0,9.052182425017081e-05
0.0,9.051239424999576e-05
0.0,9.04907612500176e-05
0.0,9.047044524992106e-05
0.0,9.046679725000914e-05
0.0,9.040454449994915e-05
0.0,9.039129999997194e-05
0.0,9.038451249999677e-05
0.0,9.037482499995771e-05
0.0,9.036072899997407e-05
0.0,9.033994225000177e-05
0.0,9.03224562500829e-05
0.0,9.031502500005326e-05
0.0,9.031381324994627e-05
0.0,9.030995824990046e-05
0.0,9.027998449996432e-05
0.0,9.026733324993358e-05
0.0,9.026492500001585e-05
0.0,9.024757850005948e-05
0.0,9.02226249999528e-05
0.0,9.022188825001163e-05
0.0,9.021040825001658e-05
0.0,9.020543825026004e-05
0.0,9.016740900004112e-05
0.0,9.016413250001613e-05
0.0,9.015609999992629e-05
0.0,9.015036200007042e-05
0.0,9.014143224957778e-05
0.0,9.010091725006865e-05
0.0,9.007545625001591e-05
0.0,9.006544000000541e-05
0.0,9.006418450001022e-05
0.0,9.003465725002459e-05
0.0,9.001031625001827e-05
0.0,8.99949612501277e-05
0.0,8.997841000028986e-05
0.0,8.995284999998406e-05
0.0,8.994706624997474e-05
0.0,8.994642499987463e-05
0.0,8.994104224999765e-05
0.0,8.993176400004425e-05
0.0,8.993012500005302e-05
0.0,8.992334899996315e-05
0.0,8.992180524996303e-05
0.0,8.992074399998668e-05
0.0,8.990561024986869e-05
0.0,8.990020625005454e-05
0.0,8.986225625001203e-05
0.0,8.983922600013547e-05
0.0,8.982130000001354e-05
0.0,8.980857850000139e-05
0.0,8.980817425001235e-05
0.0,8.980624999990087e-05
0.0,8.978599999995594e-05
0.0,8.977999724989126e-05
0.0,8.976672800006618e-05
0.0,8.976445824999688e-05
0.0,8.974384900004542e-05
0.0,8.972296249984552e-05
0.0,8.970583624993583e-05
0.0,8.968417299999201e-05
0.0,8.96813862501044e-05
0.0,8.9643087999967e-05
0.0,8.964280400009252e-05
0.0,8.960322025000856e-05
0.0,8.958718225027265e-05
0.0,8.957645799998536e-05
0.0,8.95477320000078e-05
0.0,8.952331725004e-05
0.0,8.952272500002379e-05
0.0,8.95170152500358e-05
0.0,8.951036124996587e-05
0.0,8.950704999994907e-05
0.0,8.948550500002747e-05
0.0,8.948456325007573e-05
0.0,8.94781505000545e-05
0.0,8.946557000001636e-05
0.0,8.94327702501619e-05
0.0,8.937506225002171e-05
0.0,8.935423025017087e-05
0.0,8.935350525005562e-05
0.0,8.93524862499872e-05
0.0,8.933968124991025e-05
0.0,8.933489999996965e-05
0.0,8.932024999999003e-05
0.0,8.9278975250147e-05
0.0,8.927356825024941e-05
0.0,8.925563600002304e-05
0.0,8.925367299995941e-05
0.0,8.925017449988378e-05
0.0,8.922130825003137e-05
0.0,8.921579399992616e-05
0.0,8.9205921249989e-05
0.0,8.919759999999753e-05
0.0,8.919477025003335e-05
0.0,8.91939649998951e-05
0.0,8.919362500007777e-05
0.0,8.919362499995264e-05
0.0,8.915765625003579e-05
0.0,8.914353049995436e-05
0.0,8.913920500004658e-05
0.0,8.909025625025837e-05
0.0,8.908981324998936e-05
0.0,8.906370049999033e-05
0.0,8.905717924999996e-05
0.0,8.904172499999673e-05
0.0,8.902631025000342e-05
0.0,8.901472500004962e-05
0.0,8.901141125004287e-05
0.0,8.900643025002295e-05
0.0,8.898957250004593e-05
0.0,8.898830424994834e-05
0.0,8.897734625006729e-05
0.0,8.896903249993348e-05
0.0,8.895731824998753e-05
0.0,8.893687625006199e-05
0.0,8.89073462500038e-05
0.0,8.888067249998325e-05
0.0,8.887491650000644e-05
0.0,8.887079525003536e-05
0.0,8.886771725003401e-05
0.0,8.8857962499999e-05
0.0,8.882454924996447e-05
0.0,8.881636099994716e-05
0.0,8.879293800021549e-05
0.0,8.877240200002941e-05
0.0,8.87684825000059e-05
0.0,8.876404924987926e-05
0.0,8.876305000004079e-05
0.0,8.874734449995059e-05
0.0,8.873873125000165e-05
0.0,8.872762624997514e-05
0.0,8.872517449992016e-05
0.0,8.87218812500103e-05
0.0,8.8676689000243e-05
0.0,8.866813250003601e-05
0.0,8.86589832499836e-05
0.0,8.864678124994473e-05
0.0,8.864319999999593e-05
0.0,8.864172724996238e-05
0.0,8.864020450002471e-05
0.0,8.863282624996844e-05
0.0,8.863140325015333e-05
0.0,8.862619249998217e-05
0.0,8.858470624990234e-05
0.0,8.85723484999823e-05
0.0,8.853640925003185e-05
0.0,8.85246249999964e-05
0.0,8.850675024988438e-05
0.0,8.85009250001018e-05
0.0,8.849849424997906e-05
0.0,8.849843599996476e-05
0.0,8.847557525001139e-05
0.0,8.8459605000026e-05
0.0,8.84459929999749e-05
0.0,8.844202624996484e-05
0.0,8.843885000002266e-05
0.0,8.839442650001233e-05
0.0,8.837481324996768e-05
0.0,8.836909324986438e-05
0.0,8.836340000008847e-05
0.0,8.833172499997248e-05
0.0,8.833033999999195e-05
0.0,8.828298449997348e-05
0.0,8.827661924999704e-05
0.0,8.827584924995556e-05
0.0,8.827299449999281e-05
0.0,8.826711399994889e-05
0.0,8.824909249999265e-05
0.0,8.824668800007928e-05
0.0,8.821763049996788e-05
0.0,8.820375250007237e-05
0.0,8.818853125005355e-05
0.0,8.816641599991246e-05
0.0,8.815439725008776e-05
0.0,8.815383700000803e-05
0.0,8.813382625006551e-05
0.0,8.808555424990753e-05
0.0,8.80721810001622e-05
0.0,8.804264200002638e-05
0.0,8.80403852499526e-05
0.0,8.80112802500593e-05
0.0,8.801029224993434e-05
0.0,8.800638325003495e-05
0.0,8.800032024996925e-05
0.0,8.798162824997865e-05
0.0,8.796312449999447e-05
0.0,8.796139224986468e-05
0.0,8.795935625010011e-05
0.0,8.795030824993035e-05
0.0,8.794762450001231e-05
0.0,8.794580625001488e-05
0.0,8.790956224999298e-05
0.0,8.790759700002588e-05
0.0,8.789982500003032e-05
0.0,8.789608324993832e-05
0.0,8.787702424981682e-05
0.0,8.786439999997569e-05
0.0,8.785321924993476e-05
0.0,8.785012324998519e-05
0.0,8.784344124998809e-05
0.0,8.783172099994138e-05
0.0,8.782103649990031e-05
0.0,8.781271299997923e-05
0.0,8.780334500010086e-05
0.0,8.780141925001975e-05
0.0,8.780006499976576e-05
0.0,8.779461200001868e-05
0.0,8.776629450009614e-05
0.0,8.776444024999151e-05
0.0,8.775994925017702e-05
0.0,8.775137800000792e-05
0.0,8.77504249999742e-05
0.0,8.774918224973777e-05
0.0,8.77220325000452e-05
0.0,8.771225000003103e-05
0.0,8.770700024997402e-05
0.0,8.769501924979934e-05
0.0,8.769207849995922e-05
0.0,8.768552499995535e-05
0.0,8.76846384998705e-05
0.0,8.76450852500377e-05
0.0,8.764122824986344e-05
0.0,8.763153250000702e-05
0.0,8.761015825004669e-05
0.0,8.760902124995284e-05
0.0,8.758203724999679e-05
0.0,8.756754100016715e-05
0.0,8.75566249999489e-05
0.0,8.755307125001664e-05
0.0,8.754889925003153e-05
0.0,8.754059699997157e-05
0.0,8.753733924998806e-05
0.0,8.752337424998167e-05
0.0,8.752293125003225e-05
0.0,8.751427625001246e-05
0.0,8.750875624996454e-05
0.0,8.750277225007796e-05
0.0,8.750071325015811e-05
0.0,8.750060449979946e-05
0.0,8.749931450007718e-05
0.0,8.749323699992179e-05
0.0,8.749243224992526e-05
0.0,8.746708624999492e-05
0.0,8.745457625003206e-05
0.0,8.742656524998615e-05
0.0,8.742244024983074e-05
0.0,8.740378224988714e-05
0.0,8.739342250019517e-05
0.0,8.7380262500056e-05
0.0,8.73797570000149e-05
0.0,8.734528450026173e-05
0.0,8.733900625015913e-05
0.0,8.733837025003748e-05
0.0,8.731779325009108e-05
0.0,8.730778624995645e-05
0.0,8.730575125006328e-05
0.0,8.730445449997343e-05
0.0,8.730304999988467e-05
0.0,8.730207249996691e-05
0.0,8.724629125001369e-05
0.0,8.7220602250008e-05
0.0,8.720838325002412e-05
0.0,8.720212500009701e-05
0.0,8.719692124998547e-05
0.0,8.719424100020102e-05
0.0,8.718312499997701e-05
0.0,8.716621224996477e-05
0.0,8.714951199999168e-05
0.0,8.714406025005323e-05
0.0,8.712656124999858e-05
0.0,8.707021300001806e-05
0.0,8.704683325014833e-05
0.0,8.702429624998103e-05
0.0,8.702298249997639e-05
0.0,8.699236899988636e-05
0.0,8.697470449998683e-05
0.0,8.697372849988685e-05
0.0,8.696924999999499e-05
0.0,8.696739399991125e-05
0.0,8.696336900000971e-05
0.0,8.692762500004627e-05
0.0,8.690663524999646e-05
0.0,8.690082925005233e-05
0.0,8.686272200000841e-05
0.0,8.682738124972747e-05
0.0,8.682050000002124e-05
0.0,8.672112499997494e-05
0.0,8.671132624997929e-05
0.0,8.668929824999417e-05
0.0,8.666413599999823e-05
0.0,8.666390900000436e-05
0.0,8.665422100004002e-05
0.0,8.661602499992655e-05
0.0,8.660312999998979e-05
0.0,8.659571299993841e-05
0.0,8.658462500014271e-05
0.0,8.65736729999818e-05
0.0,8.656080624997863e-05
0.0,8.655375125010058e-05
0.0,8.654068449997658e-05
0.0,8.65405225000529e-05
0.0,8.652646924992497e-05
0.0,8.652624999984972e-05
0.0,8.652315849998896e-05
0.0,8.651322500008209e-05
0.0,8.651132500022999e-05
0.0,8.64807969999368e-05
0.0,8.64626322500701e-05
0.0,8.64553320000475e-05
0.0,8.643807249989186e-05
0.0,8.642603124992743e-05
0.0,8.641954325006837e-05
0.0,8.641119425001269e-05
0.0,8.640807050002924e-05
0.0,8.640772199997452e-05
0.0,8.640512724999568e-05
0.0,8.640004999996653e-05
0.0,8.63984252499264e-05
0.0,8.637216624999522e-05
0.0,8.63570499999938e-05
0.0,8.634590500006825e-05
0.0,8.634072200002024e-05
0.0,8.631667525013481e-05
0.0,8.631182500016625e-05
0.0,8.631004999989914e-05
0.0,8.629712650009807e-05
0.0,8.629184425009609e-05
0.0,8.626196525000284e-05
0.0,8.626128999986621e-05
0.0,8.62484164999749e-05
0.0,8.624800000007376e-05
0.0,8.6236724499846e-05
0.0,8.622764999995287e-05
0.0,8.622111124997989e-05
0.0,8.621628425002702e-05
0.0,8.620908324994192e-05
0.0,8.620090624998227e-05
0.0,8.619846500002606e-05
0.0,8.619236524999581e-05
0.0,8.61894019997623e-05
0.0,8.617954500006663e-05
0.0,8.617062499995501e-05
0.0,8.61640249999327e-05
0.0,8.613886100001738e-05
0.0,8.611014049996297e-05
0.0,8.607986124987445e-05
0.0,8.607245224998486e-05
0.0,8.606361725002707e-05
0.0,8.606244100003718e-05
0.0,8.603912124999639e-05
0.0,8.60383202499202e-05
0.0,8.602857224998851e-05
0.0,8.602648649997268e-05
0.0,8.598897850014062e-05
0.0,8.596160225007125e-05
0.0,8.594612499991083e-05
0.0,8.59450962499826e-05
0.0,8.593489525005977e-05
0.0,8.593012624994172e-05
0.0,8.59279232500473e-05
0.0,8.592477625021756e-05
0.0,8.5913808249789e-05
0.0,8.590782499998359e-05
0.0,8.59018922500225e-05
0.0,8.58961849999761e-05
0.0,8.589421624996039e-05
0.0,8.588886799994475e-05
0.0,8.588532325007578e-05
0.0,8.587052049997339e-05
0.0,8.585715125006112e-05
0.0,8.582890100011654e-05
0.0,8.582560850002153e-05
0.0,8.581487225004102e-05
0.0,8.580362824996108e-05
0.0,8.578517299999346e-05
0.0,8.577684999999349e-05
0.0,8.576904249991851e-05
0.0,8.575940500004903e-05
0.0,8.575864625007264e-05
0.0,8.575822124978515e-05
0.0,8.575374800007073e-05
0.0,8.575354825003945e-05
0.0,8.573612525015734e-05
0.0,8.572713024989187e-05
0.0,8.569908849997697e-05
0.0,8.568889300004043e-05
0.0,8.567835249998127e-05
0.0,8.567521824999633e-05
0.0,8.566328900002863e-05
0.0,8.565553124999203e-05
0.0,8.565220024992806e-05
0.0,8.564494599994546e-05
0.0,8.564115399991036e-05
0.0,8.563742524990444e-05
0.0,8.563197699998609e-05
0.0,8.561585525007162e-05
0.0,8.561351724997684e-05
0.0,8.561136200001927e-05
0.0,8.560995725000439e-05
0.0,8.560489925007934e-05
0.0,8.55926702499683e-05
0.0,8.556384124984516e-05
0.0,8.554083624996733e-05
0.0,8.55331002499964e-05
0.0,8.552238850001941e-05
0.0,8.551594000003095e-05
0.0,8.551318024998243e-05
0.0,8.550921649997359e-05
0.0,8.55012912497834e-05
0.0,8.548988199999524e-05
0.0,8.548599425010633e-05
0.0,8.548502499999231e-05
0.0,8.547450399997815e-05
0.0,8.546662925003798e-05
0.0,8.546261725001231e-05
0.0,8.545672250018719e-05
0.0,8.54402822499903e-05
0.0,8.542741699997752e-05
0.0,8.542321925000116e-05
0.0,8.541704725006375e-05
0.0,8.540520124998879e-05
0.0,8.539216249992768e-05
0.0,8.538695649987919e-05
0.0,8.536440249999665e-05
0.0,8.5362925000007e-05
0.0,8.53376862502237e-05
0.0,8.533643449996388e-05
0.0,8.532952100007417e-05
0.0,8.524412424993944e-05
0.0,8.523393624995201e-05
0.0,8.522318450002097e-05
0.0,8.522274825003599e-05
0.0,8.521887425006362e-05
0.0,8.516154599998805e-05
0.0,8.515299250002998e-05
0.0,8.514695649998498e-05
0.0,8.514560499995106e-05
0.0,8.512984999994337e-05
0.0,8.507982500025437e-05
0.0,8.507447650009004e-05
0.0,8.506569024999922e-05
0.0,8.506492100005675e-05
0.0,8.504834000000176e-05
0.0,8.502668050001767e-05
0.0,8.501782924989917e-05
0.0,8.500377624999123e-05
0.0,8.500325425002514e-05
0.0,8.49899045000256e-05
0.0,8.496699850000153e-05
0.0,8.496672725000887e-05
0.0,8.495198725004683e-05
0.0,8.494842850001566e-05
0.0,8.494835400001043e-05
0.0,8.493761125003751e-05
0.0,8.492525000002516e-05
0.0,8.492431625000183e-05
0.0,8.492015924996802e-05
0.0,8.488076525000446e-05
0.0,8.487962499998468e-05
0.0,8.487656124999055e-05
0.0,8.487616249996591e-05
0.0,8.486611324999715e-05
0.0,8.484778449998739e-05
0.0,8.484591249986738e-05
0.0,8.483702625002002e-05
0.0,8.482327250003017e-05
0.0,8.481556900001177e-05
0.0,8.480255399989169e-05
0.0,8.479410024997344e-05
0.0,8.478157624999938e-05
0.0,8.477594899998993e-05
0.0,8.47726405001561e-05
0.0,8.47717782500114e-05
0.0,8.476884899999936e-05
0.0,8.474642499996043e-05
0.0,8.47288712500672e-05
0.0,8.471532200000407e-05
0.0,8.471405000005245e-05
0.0,8.471338650003154e-05
0.0,8.470866500002465e-05
0.0,8.469543725004803e-05
0.0,8.468893025000783e-05
0.0,8.466134625005262e-05
0.0,8.465890000001198e-05
0.0,8.464696850000562e-05
0.0,8.46303724998971e-05
0.0,8.461845325002002e-05
0.0,8.46147622498717e-05
0.0,8.461447249996922e-05
0.0,8.461147400003736e-05
0.0,8.460880000027589e-05
0.0,8.460830649982467e-05
0.0,8.458805000003766e-05
0.0,8.458281249990466e-05
0.0,8.457864500006043e-05
0.0,8.456076325012227e-05
0.0,8.45599392502763e-05
0.0,8.455853049999056e-05
0.0,8.45330492501402e-05
0.0,8.450334625000535e-05
0.0,8.4486376000055e-05
0.0,8.447398249999453e-05
0.0,8.446842225009991e-05
0.0,8.446083425004715e-05
0.0,8.445218125000301e-05
0.0,8.444844250004129e-05
0.0,8.444750225014901e-05
0.0,8.443893799998492e-05
0.0,8.443080125000802e-05
0.0,8.441610124997767e-05
0.0,8.440949425008924e-05
0.0,8.44032399999545e-05
0.0,8.439588924997062e-05
0.0,8.438560000016334e-05
0.0,8.437649050001779e-05
0.0,8.43716892499313e-05
0.0,8.4370448500029e-05
0.0,8.436175399996068e-05
0.0,8.435473825001104e-05
0.0,8.432748325000849e-05
0.0,8.431083400003479e-05
0.0,8.430912799991887e-05
0.0,8.428433425004879e-05
0.0,8.428373050001399e-05
0.0,8.427222850011699e-05
0.0,8.425758249998815e-05
0.0,8.422444999993612e-05
0.0,8.422195624998885e-05
0.0,8.421760625014032e-05
0.0,8.421722524997172e-05
0.0,8.421025000012971e-05
0.0,8.420763700001196e-05
0.0,8.41900512499586e-05
0.0,8.417377699996611e-05
0.0,8.41698145000674e-05
0.0,8.416802425005768e-05
0.0,8.416390825002315e-05
0.0,8.415945000004284e-05
0.0,8.415773125017818e-05
0.0,8.414391250001297e-05
0.0,8.414363425015389e-05
0.0,8.41253605000701e-05
0.0,8.411676649993003e-05
0.0,8.409093850001267e-05
0.0,8.40895699999785e-05
0.0,8.40743712500703e-05
0.0,8.406909450004052e-05
0.0,8.406179225002266e-05
0.0,8.405368900003647e-05
0.0,8.403035125002309e-05
0.0,8.40233969996548e-05
0.0,8.400299850004306e-05
0.0,8.39938760000556e-05
0.0,8.398605125000431e-05
0.0,8.397130624983467e-05
0.0,8.396824399985054e-05
0.0,8.395821049997667e-05
0.0,8.393806124999684e-05
0.0,8.392610125004183e-05
0.0,8.392417925002484e-05
0.0,8.392405324997935e-05
0.0,8.390835625005146e-05
0.0,8.390762499989528e-05
0.0,8.388171025005589e-05
0.0,8.386359724999313e-05
0.0,8.385760925002065e-05
0.0,8.38455312500052e-05
0.0,8.38360445000479e-05
0.0,8.382702924999561e-05
0.0,8.38229330002306e-05
0.0,8.380066899995094e-05
0.0,8.380064224987411e-05
0.0,8.377444999987412e-05
0.0,8.37627324999472e-05
0.0,8.372562500002633e-05
0.0,8.372202099978231e-05
0.0,8.372198524975278e-05
0.0,8.36599250000227e-05
0.0,8.365232499976639e-05
0.0,8.364649724997852e-05
0.0,8.364370624998148e-05
0.0,8.36419809999929e-05
0.0,8.363099825008974e-05
0.0,8.362694599976241e-05
0.0,8.362004624998465e-05
0.0,8.361707049988224e-05
0.0,8.360151199979078e-05
0.0,8.359537324981257e-05
0.0,8.358876025005979e-05
0.0,8.358196624993628e-05
0.0,8.357781650000868e-05
0.0,8.35615442498969e-05
0.0,8.355096850007224e-05
0.0,8.354239624996452e-05
0.0,8.353385124999232e-05
0.0,8.352674525001765e-05
0.0,8.352210250004584e-05
0.0,8.351088850017448e-05
0.0,8.350802124993244e-05
0.0,8.347513924998595e-05
0.0,8.346664624997975e-05
0.0,8.346507699996371e-05
0.0,8.345362049993284e-05
0.0,8.344964049996485e-05
0.0,8.341379224999585e-05
0.0,8.340881300002697e-05
0.0,8.339912500003127e-05
0.0,8.339744725004828e-05
0.0,8.337004999998525e-05
0.0,8.335442899995275e-05
0.0,8.335021824992821e-05
0.0,8.333825449979063e-05
0.0,8.33284542500006e-05
0.0,8.331646624996561e-05
0.0,8.331322249995301e-05
0.0,8.329077000000483e-05
0.0,8.328729599997947e-05
0.0,8.328662500018597e-05
0.0,8.326463299974276e-05
0.0,8.325385625002634e-05
0.0,8.325335425010414e-05
0.0,8.324837200001617e-05
0.0,8.32424962499057e-05
0.0,8.323523225003711e-05
0.0,8.322265624983113e-05
0.0,8.320262850000383e-05
0.0,8.319499399999309e-05
0.0,8.318542499992364e-05
0.0,8.317558250002565e-05
0.0,8.316439925019686e-05
0.0,8.315245000020762e-05
0.0,8.309609649995376e-05
0.0,8.309414249995899e-05
0.0,8.309171299998705e-05
0.0,8.308767999999723e-05
0.0,8.307050225002139e-05
0.0,8.306315224992926e-05
0.0,8.305616050001763e-05
0.0,8.30510912500198e-05
0.0,8.304559625001303e-05
0.0,8.3042000000033e-05
0.0,8.301543625023406e-05
0.0,8.301387725003219e-05
0.0,8.29860705000181e-05
0.0,8.297712900002254e-05
0.0,8.296324999993633e-05
0.0,8.295721825006145e-05
0.0,8.295282499999593e-05
0.0,8.292354324999218e-05
0.0,8.290629699998789e-05
0.0,8.289838799997467e-05
0.0,8.289222499993415e-05
0.0,8.287973450005066e-05
0.0,8.287777324983732e-05
0.0,8.286490325005769e-05
0.0,8.284011124998759e-05
0.0,8.283009925000167e-05
0.0,8.279569300001928e-05
0.0,8.277957424997112e-05
0.0,8.277518500001224e-05
0.0,8.27733825000349e-05
0.0,8.277133000009188e-05
0.0,8.27664625000082e-05
0.0,8.274821049993572e-05
0.0,8.272526050004966e-05
0.0,8.272039624998152e-05
0.0,8.271064624979168e-05
0.0,8.270615525018566e-05
0.0,8.269350325001133e-05
0.0,8.26892912502588e-05
0.0,8.267973324999924e-05
0.0,8.267573249993873e-05
0.0,8.267012649999762e-05
0.0,8.266689249998484e-05
0.0,8.266616500000548e-05
0.0,8.264471449995324e-05
0.0,8.264122324998403e-05
0.0,8.262893000001273e-05
0.0,8.262022500001659e-05
0.0,8.259405849997491e-05
0.0,8.258631525007341e-05
0.0,8.257792500001741e-05
0.0,8.257184999992092e-05
0.0,8.256834624999946e-05
0.0,8.255326324979752e-05
0.0,8.25504499999794e-05
0.0,8.25495902501531e-05
0.0,8.252522000000873e-05
0.0,8.252131850004321e-05
0.0,8.251269850002373e-05
0.0,8.250590449997063e-05
0.0,8.250138650003723e-05
0.0,8.249691200005554e-05
0.0,8.246125000006134e-05
0.0,8.245142825000336e-05
0.0,8.244905825000554e-05
0.0,8.244666400000198e-05
0.0,8.243425325010257e-05
0.0,8.242484499996317e-05
0.0,8.242226500007073e-05
0.0,8.241849025000339e-05
0.0,8.241728524996912e-05
0.0,8.241370000005152e-05
0.0,8.241025000001146e-05
0.0,8.239543399999625e-05
0.0,8.239125050004716e-05
0.0,8.238544249996873e-05
0.0,8.237997624995065e-05
0.0,8.237553650001493e-05
0.0,8.236669050000875e-05
0.0,8.236263424997803e-05
0.0,8.234010900020649e-05
0.0,8.232500000020353e-05
0.0,8.23057062496487e-05
0.0,8.229843224996538e-05
0.0,8.22923462499715e-05
0.0,8.227849925001827e-05
0.0,8.22679452501104e-05
0.0,8.226542024998614e-05
0.0,8.224493600003495e-05
0.0,8.222035049997386e-05
0.0,8.221978125000788e-05
0.0,8.221674049996216e-05
0.0,8.221440824994849e-05
0.0,8.217453425003797e-05
0.0,8.215469600001532e-05
0.0,8.214966624994665e-05
0.0,8.21238625000016e-05
0.0,8.212273700002512e-05
0.0,8.211783825002533e-05
0.0,8.210303300004067e-05
0.0,8.209032400009361e-05
0.0,8.208922725000689e-05
0.0,8.20813224999962e-05
0.0,8.206381299998795e-05
0.0,8.205754049994369e-05
0.0,8.205117324999221e-05
0.0,8.204693424996311e-05
0.0,8.203457599997404e-05
0.0,8.200690625002083e-05
0.0,8.196144125001238e-05
0.0,8.195113224998196e-05
0.0,8.19485225000521e-05
0.0,8.194565025001184e-05
0.0,8.193526224990467e-05
0.0,8.19251324999425e-05
0.0,8.191825000001811e-05
0.0,8.189371249997587e-05
0.0,8.188085200000589e-05
0.0,8.187497225017209e-05
0.0,8.18332325002308e-05
0.0,8.183284650001246e-05
0.0,8.182748125000182e-05
0.0,8.182029125000343e-05
0.0,8.181692649988338e-05
0.0,8.180549200005014e-05
0.0,8.179031199975162e-05
0.0,8.177869225000977e-05
0.0,8.173476725002529e-05
0.0,8.172668249997437e-05
0.0,8.170873849997143e-05
0.0,8.164333299998228e-05
0.0,8.16427912499723e-05
0.0,8.162455249997066e-05
0.0,8.162235924974661e-05
0.0,8.161789325002931e-05
0.0,8.159612500006163e-05
0.0,8.159424999996828e-05
0.0,8.158515625001798e-05
0.0,8.15724049997527e-05
0.0,8.154627650000897e-05
0.0,8.153540424997899e-05
0.0,8.151312499995761e-05
0.0,8.150298624994457e-05
0.0,8.149352000018564e-05
0.0,8.148977124997249e-05
0.0,8.145936899999669e-05
0.0,8.14577424999048e-05
0.0,8.145686250005563e-05
0.0,8.144865699980761e-05
0.0,8.143967025013341e-05
0.0,8.142375249992364e-05
0.0,8.142192800004724e-05
0.0,8.141693299990125e-05
0.0,8.141503850004893e-05
0.0,8.141026324992275e-05
0.0,8.140262125007457e-05
0.0,8.1386939250024e-05
0.0,8.1381195249977e-05
0.0,8.137676825003087e-05
0.0,8.136790600000605e-05
0.0,8.135240899999728e-05
0.0,8.135144999995875e-05
0.0,8.131792399999205e-05
0.0,8.131471525000321e-05
0.0,8.131226624996123e-05
0.0,8.130013824993725e-05
0.0,8.129691399978752e-05
0.0,8.12256512500295e-05
0.0,8.120683250004075e-05
0.0,8.119806249987178e-05
0.0,8.119284325002179e-05
0.0,8.117979249993269e-05
0.0,8.11753325000208e-05
0.0,8.117136024981256e-05
0.0,8.11705025000421e-05
0.0,8.115390625001922e-05
0.0,8.112289449983832e-05
0.0,8.111751625001189e-05
0.0,8.111139999992559e-05
0.0,8.107046725002603e-05
0.0,8.106125625003159e-05
0.0,8.10410852498345e-05
0.0,8.1039624999978e-05
0.0,8.102661024998278e-05
0.0,8.102238250002728e-05
0.0,8.099740099998755e-05
0.0,8.09915209999871e-05
0.0,8.098212250020158e-05
0.0,8.098185250003788e-05
0.0,8.098094599995962e-05
0.0,8.094582849998863e-05
0.0,8.093611599988037e-05
0.0,8.093435599997853e-05
0.0,8.093143524999088e-05
0.0,8.091300049989635e-05
0.0,8.089592125001927e-05
0.0,8.087558899997328e-05
0.0,8.087289850003159e-05
0.0,8.085841450026452e-05
0.0,8.085799624991967e-05
0.0,8.084435125001951e-05
0.0,8.083330000001259e-05
0.0,8.083242500003248e-05
0.0,8.083059925014308e-05
0.0,8.081848449998277e-05
0.0,8.079072999996596e-05
0.0,8.078440249995404e-05
0.0,8.078297800001897e-05
0.0,8.077349649999359e-05
0.0,8.076527824997749e-05
0.0,8.076340024999265e-05
0.0,8.075394849998925e-05
0.0,8.074820199997814e-05
0.0,8.074143399996444e-05
0.0,8.069360849995541e-05
0.0,8.06917769999448e-05
0.0,8.068970025000948e-05
0.0,8.063976624998577e-05
0.0,8.062467400019752e-05
0.0,8.062272325007305e-05
0.0,8.062104999989027e-05
0.0,8.061621024997768e-05
0.0,8.061403824978712e-05
0.0,8.060886325001159e-05
0.0,8.06035652499843e-05
0.0,8.059952500007498e-05
0.0,8.059901825006446e-05
0.0,8.058600250019428e-05
0.0,8.05741262499454e-05
0.0,8.057034499998017e-05
0.0,8.056001725002492e-05
0.0,8.055597799996224e-05
0.0,8.052783649996685e-05
0.0,8.052777924999379e-05
0.0,8.052182450001261e-05
0.0,8.051868799999998e-05
0.0,8.05065462499501e-05
0.0,8.050497249983746e-05
0.0,8.050347700002852e-05
0.0,8.049722499999964e-05
0.0,8.048549524989642e-05
0.0,8.048095249998671e-05
0.0,8.042045624998462e-05
0.0,8.041223425005168e-05
0.0,8.037649700000788e-05
0.0,8.037621249999375e-05
0.0,8.037428499994826e-05
0.0,8.037051250006394e-05
0.0,8.036425000006586e-05
0.0,8.036409924995932e-05
0.0,8.035878249990967e-05
0.0,8.034653125006937e-05
0.0,8.033795600007159e-05
0.0,8.03200892500339e-05
0.0,8.031961325001471e-05
0.0,8.029251400000644e-05
0.0,8.026772499998017e-05
0.0,8.026199425005683e-05
0.0,8.023519450001891e-05
0.0,8.021754050010917e-05
0.0,8.018474425001297e-05
0.0,8.018157424998834e-05
0.0,8.017531599999251e-05
0.0,8.016525450023186e-05
0.0,8.014680399994652e-05
0.0,8.014035250001548e-05
0.0,8.014031825008224e-05
0.0,8.013212500001729e-05
0.0,8.01319322499731e-05
0.0,8.012399300002389e-05
0.0,8.010695125000903e-05
0.0,8.009521000002144e-05
0.0,8.009491625014998e-05
0.0,8.008180650000634e-05
0.0,8.006759224999275e-05
0.0,8.005328200010172e-05
0.0,8.003997250009816e-05
0.0,8.003810049994511e-05
0.0,8.003349850001489e-05
0.0,7.999812924997615e-05
0.0,7.999763524995544e-05
0.0,7.999753449995265e-05
0.0,7.999362500006892e-05
0.0,7.999362124994285e-05
0.0,7.999269650000656e-05
0.0,7.999129699995069e-05
0.0,7.998802450001028e-05
0.0,7.998706900001026e-05
0.0,7.99712819999656e-05
0.0,7.996411625025799e-05
0.0,7.995930099992258e-05
0.0,7.995577599995818e-05
0.0,7.994639524997667e-05
0.0,7.994431850003264e-05
0.0,7.993722649996881e-05
0.0,7.992918050002958e-05
0.0,7.992732924992773e-05
0.0,7.991516425005112e-05
0.0,7.982992825018974e-05
0.0,7.982505449998444e-05
0.0,7.982446024997297e-05
0.0,7.981812000019044e-05
0.0,7.981562499985431e-05
0.0,7.980554825005539e-05
0.0,7.979872500004844e-05
0.0,7.978189925003318e-05
0.0,7.976312500002176e-05
0.0,7.973823924999876e-05
0.0,7.97378464999397e-05
0.0,7.973732225003338e-05
0.0,7.972912924995684e-05
0.0,7.972795299997375e-05
0.0,7.970842524998272e-05
0.0,7.969862224999129e-05
0.0,7.96858084999468e-05
0.0,7.966081250007443e-05
0.0,7.965718025008042e-05
0.0,7.964892049998638e-05
0.0,7.962469824999817e-05
0.0,7.957601999995152e-05
0.0,7.955928724997388e-05
0.0,7.95579325000341e-05
0.0,7.955239225001501e-05
0.0,7.954866124999793e-05
0.0,7.954680625003638e-05
0.0,7.952968000003316e-05
0.0,7.952918449990891e-05
0.0,7.952169249998913e-05
0.0,7.95059359998661e-05
0.0,7.946909525015487e-05
0.0,7.94662512499181e-05
0.0,7.944961700001352e-05
0.0,7.9441340500038e-05
0.0,7.937726825020213e-05
0.0,7.937109925000539e-05
0.0,7.936920225000328e-05
0.0,7.936281225001064e-05
0.0,7.935750400002218e-05
0.0,7.935536224999796e-05
0.0,7.934512500001286e-05
0.0,7.934142249998609e-05
0.0,7.931319049981164e-05
0.0,7.930050050000166e-05
0.0,7.928175925000728e-05
0.0,7.928166424994776e-05
0.0,7.928132499987765e-05
0.0,7.92642500000205e-05
0.0,7.924535649996956e-05
0.0,7.923754925004907e-05
0.0,7.91954162500455e-05
0.0,7.91693702500808e-05
0.0,7.91580520000286e-05
0.0,7.91486424999524e-05
0.0,7.914229699974745e-05
0.0,7.914043450000979e-05
0.0,7.913647625001658e-05
0.0,7.913501300001142e-05
0.0,7.913474499999355e-05
0.0,7.913084524996857e-05
0.0,7.911778449995089e-05
0.0,7.911434924978494e-05
0.0,7.909245624980975e-05
0.0,7.907276899996737e-05
0.0,7.906326325003523e-05
0.0,7.905376025009578e-05
0.0,7.905248199997958e-05
0.0,7.90510825000592e-05
0.0,7.904960049999671e-05
0.0,7.904953224995759e-05
0.0,7.902129425000842e-05
0.0,7.899146825005032e-05
0.0,7.897767924978938e-05
0.0,7.895132499998876e-05
0.0,7.894494925001175e-05
0.0,7.894324999999585e-05
0.0,7.893727300002087e-05
0.0,7.893574624985555e-05
0.0,7.892176900002669e-05
0.0,7.891635600003097e-05
0.0,7.890469225000333e-05
0.0,7.889352124990502e-05
0.0,7.884859250010437e-05
0.0,7.882706000015476e-05
0.0,7.882629724996486e-05
0.0,7.881297124982895e-05
0.0,7.879275624998123e-05
0.0,7.878997625001055e-05
0.0,7.877720500006977e-05
0.0,7.876272200014357e-05
0.0,7.876248525005448e-05
0.0,7.875141624978347e-05
0.0,7.873629125000382e-05
0.0,7.873388899995252e-05
0.0,7.871690900001192e-05
0.0,7.871208324979718e-05
0.0,7.869492800006612e-05
0.0,7.868918424995677e-05
0.0,7.868322500003967e-05
0.0,7.866249025001394e-05
0.0,7.866084200005786e-05
0.0,7.865916099994907e-05
0.0,7.864492250001349e-05
0.0,7.862325299999388e-05
0.0,7.857297649998851e-05
0.0,7.856462500018443e-05
0.0,7.85636172500141e-05
0.0,7.854481124984458e-05
0.0,7.854399624996593e-05
0.0,7.854362650000137e-05
0.0,7.854252499995397e-05
0.0,7.853049999993995e-05
0.0,7.85298730000034e-05
0.0,7.85283769999851e-05
0.0,7.851968124999187e-05
0.0,7.850477699996699e-05
0.0,7.850046424989196e-05
0.0,7.849160425004107e-05
0.0,7.846416800006353e-05
0.0,7.845462500003105e-05
0.0,7.845343025008404e-05
0.0,7.840173049993487e-05
0.0,7.839715250002437e-05
0.0,7.835610400016673e-05
0.0,7.835103249983366e-05
0.0,7.834115599999228e-05
0.0,7.833775624996274e-05
0.0,7.833420249998642e-05
0.0,7.833310899991776e-05
0.0,7.83024212499219e-05
0.0,7.828594449996137e-05
0.0,7.827673725026315e-05
0.0,7.82751400000018e-05
0.0,7.826625850000055e-05
0.0,7.826528650000636e-05
0.0,7.825810524995163e-05
0.0,7.823606125023375e-05
0.0,7.820423724994846e-05
0.0,7.816679050004233e-05
0.0,7.815297249997089e-05
0.0,7.810204224991989e-05
0.0,7.809676250001256e-05
0.0,7.80635560000313e-05
0.0,7.805996325015249e-05
0.0,7.805522000002503e-05
0.0,7.805294124995742e-05
0.0,7.804351025002515e-05
0.0,7.802824250009781e-05
0.0,7.802365300004872e-05
0.0,7.801158925003609e-05
0.0,7.801079300006437e-05
0.0,7.799144624998477e-05
0.0,7.797612499995678e-05
0.0,7.797222500002088e-05
0.0,7.795962500000863e-05
0.0,7.79561480001211e-05
0.0,7.793920624995918e-05
0.0,7.793817124999034e-05
0.0,7.793108799999214e-05
0.0,7.787730725000433e-05
0.0,7.787086925006852e-05
0.0,7.785835699996072e-05
0.0,7.785743125013723e-05
0.0,7.785222249996152e-05
0.0,7.783129999997031e-05
0.0,7.7814769249957e-05
0.0,7.780370000001004e-05
0.0,7.778818525002243e-05
0.0,7.777429700017936e-05
0.0,7.776812499997076e-05
0.0,7.775847125004526e-05
0.0,7.775838124992994e-05
0.0,7.775733649986115e-05
0.0,7.775703625016632e-05
0.0,7.774861000002291e-05
0.0,7.773702100002922e-05
0.0,7.773336225003075e-05
0.0,7.771372424990865e-05
0.0,7.771358499995816e-05
0.0,7.767966099995895e-05
0.0,7.7673699999982e-05
0.0,7.764329450001703e-05
0.0,7.762628724998643e-05
0.0,7.762531250002223e-05
0.0,7.761391300001424e-05
0.0,7.755049625005978e-05
0.0,7.753700000015074e-05
0.0,7.753077625001292e-05
0.0,7.752987250001359e-05
0.0,7.751774500009179e-05
0.0,7.751774500000042e-05
0.0,7.75052500000325e-05
0.0,7.750511050010837e-05
0.0,7.747160125003949e-05
0.0,7.746893599992944e-05
0.0,7.746598250002001e-05
0.0,7.745305324995378e-05
0.0,7.743190024996806e-05
0.0,7.742760125009949e-05
0.0,7.737931225002136e-05
0.0,7.737713300009473e-05
0.0,7.737166600000519e-05
0.0,7.736038599999478e-05
0.0,7.735286924995792e-05
0.0,7.731244824996652e-05
0.0,7.728540100001422e-05
0.0,7.728277050008597e-05
0.0,7.727321600002306e-05
0.0,7.72716249999706e-05
0.0,7.726635624994612e-05
0.0,7.726419999998968e-05
0.0,7.72618072499819e-05
0.0,7.724002500001132e-05
0.0,7.721495125004195e-05
0.0,7.719162925002611e-05
0.0,7.71884392499856e-05
0.0,7.716906425001582e-05
0.0,7.716536725008592e-05
0.0,7.711896724996087e-05
0.0,7.710169624990183e-05
0.0,7.709262499990262e-05
0.0,7.706076624995423e-05
0.0,7.704922600006622e-05
0.0,7.704798725038777e-05
0.0,7.703574125017651e-05
0.0,7.70294132500577e-05
0.0,7.701960625001474e-05
0.0,7.700880724995733e-05
0.0,7.700698924998882e-05
0.0,7.700239999999774e-05
0.0,7.699892649994962e-05
0.0,7.698400625004397e-05
0.0,7.697728250001084e-05
0.0,7.697553650003937e-05
0.0,7.697139649998655e-05
0.0,7.696841725000013e-05
0.0,7.694381249984689e-05
0.0,7.691995599997195e-05
0.0,7.689808100001932e-05
0.0,7.688625124999932e-05
0.0,7.687399449997218e-05
0.0,7.683213324997607e-05
0.0,7.681043700002413e-05
0.0,7.679328499998415e-05
0.0,7.679143924998951e-05
0.0,7.674474924999565e-05
0.0,7.673926099987941e-05
0.0,7.672133299997681e-05
0.0,7.671757600002558e-05
0.0,7.671649925000538e-05
0.0,7.671090649992379e-05
0.0,7.671056849998064e-05
0.0,7.670682499998561e-05
0.0,7.670126424995515e-05
0.0,7.66969872500351e-05
0.0,7.667977849995355e-05
0.0,7.66686272500718e-05
0.0,7.666690924999718e-05
0.0,7.665634524990589e-05
0.0,7.664295025012017e-05
0.0,7.66346169999734e-05
0.0,7.663111850000213e-05
0.0,7.662067024999492e-05
0.0,7.661840000009916e-05
0.0,7.660587399998044e-05
0.0,7.660344250002112e-05
0.0,7.659016825014993e-05
0.0,7.657384049995226e-05
0.0,7.657350025007213e-05
0.0,7.657049800001878e-05
0.0,7.656434600001466e-05
0.0,7.653319400007754e-05
0.0,7.653268250001384e-05
0.0,7.653239324997523e-05
0.0,7.650962499999877e-05
0.0,7.650381049998388e-05
0.0,7.650078124984763e-05
0.0,7.649940124992169e-05
0.0,7.649371249998192e-05
0.0,7.647515725001945e-05
0.0,7.647512500001953e-05
0.0,7.645823649981689e-05
0.0,7.640914225003401e-05
0.0,7.63901139999842e-05
0.0,7.638584199995642e-05
0.0,7.637203600001011e-05
0.0,7.636566050000741e-05
0.0,7.636250000015597e-05
0.0,7.631073050014289e-05
0.0,7.630118499996385e-05
0.0,7.627772924999981e-05
0.0,7.625661849996967e-05
0.0,7.625337425003426e-05
0.0,7.624793649997782e-05
0.0,7.624476224994952e-05
0.0,7.623640624999291e-05
0.0,7.623489250000244e-05
0.0,7.622973699994103e-05
0.0,7.62186912500046e-05
0.0,7.621490000005431e-05
0.0,7.621332650005205e-05
0.0,7.62127062499409e-05
0.0,7.619639624978937e-05
0.0,7.618254425004352e-05
0.0,7.618064224989779e-05
0.0,7.61795022500453e-05
0.0,7.617916850037352e-05
0.0,7.617824124999168e-05
0.0,7.615822624999591e-05
0.0,7.614829700016023e-05
0.0,7.613562650002283e-05
0.0,7.613089599995903e-05
0.0,7.612020649999313e-05
0.0,7.612003125001798e-05
0.0,7.611989649997976e-05
0.0,7.611369249993297e-05
0.0,7.609869200001407e-05
0.0,7.609399449997637e-05
0.0,7.609232824999824e-05
0.0,7.607885049998089e-05
0.0,7.604761249998763e-05
0.0,7.604664124994062e-05
0.0,7.602275424994249e-05
0.0,7.60186329999894e-05
0.0,7.599362600015887e-05
0.0,7.599324824997269e-05
0.0,7.597750449997326e-05
0.0,7.597091824999958e-05
0.0,7.596441025005618e-05
0.0,7.595800825017734e-05
0.0,7.593517599997581e-05
0.0,7.59318062499812e-05
0.0,7.592648725005598e-05
0.0,7.59053272500136e-05
0.0,7.59010165000572e-05
0.0,7.589952399999175e-05
0.0,7.589694724989578e-05
0.0,7.589345000014972e-05
0.0,7.586941050005876e-05
0.0,7.58640252500306e-05
0.0,7.58470284999894e-05
0.0,7.583600050009589e-05
0.0,7.580853725002847e-05
0.0,7.580579224995395e-05
0.0,7.58011592499627e-05
0.0,7.579969999997312e-05
0.0,7.579450000004621e-05
0.0,7.578399999987414e-05
0.0,7.577875624998285e-05
0.0,7.575453624990644e-05
0.0,7.575414799992401e-05
0.0,7.573896124997511e-05
0.0,7.573806249996537e-05
0.0,7.57294452500252e-05
0.0,7.572396199999681e-05
0.0,7.571275624998779e-05
0.0,7.569703824998555e-05
0.0,7.568628124999212e-05
0.0,7.567972625004513e-05
0.0,7.567885824977836e-05
0.0,7.567416400007073e-05
0.0,7.565392525012028e-05
0.0,7.563920199994082e-05
0.0,7.559590724995517e-05
0.0,7.559006799999765e-05
0.0,7.557708050000639e-05
0.0,7.557518600007963e-05
0.0,7.557189524984471e-05
0.0,7.556403825000879e-05
0.0,7.553240224987477e-05
0.0,7.553147600039503e-05
0.0,7.553056624997298e-05
0.0,7.552849999997868e-05
0.0,7.5524019249973e-05
0.0,7.552129850001457e-05
0.0,7.550445800004151e-05
0.0,7.549540000001612e-05
0.0,7.548183725003955e-05
0.0,7.546573449996669e-05
0.0,7.546195700004352e-05
0.0,7.54526952500246e-05
0.0,7.544699599982975e-05
0.0,7.543303649995453e-05
0.0,7.542456999995562e-05
0.0,7.541828499998599e-05
0.0,7.540104999993649e-05
0.0,7.53992572500714e-05
0.0,7.539358050001333e-05
0.0,7.538721124997662e-05
0.0,7.536677525001095e-05
0.0,7.535637624992144e-05
0.0,7.533124624991307e-05
0.0,7.532967649995879e-05
0.0,7.532039124996278e-05
0.0,7.53057010000379e-05
0.0,7.529727325001639e-05
0.0,7.529509000004828e-05
0.0,7.52933000000109e-05
0.0,7.529032899997767e-05
0.0,7.528492024999928e-05
0.0,7.5284328249993e-05
0.0,7.525812499981854e-05
0.0,7.525704424999393e-05
0.0,7.523604850000749e-05
0.0,7.523412725000543e-05
0.0,7.520289625005276e-05
0.0,7.519773700012234e-05
0.0,7.519706049988247e-05
0.0,7.518792500016961e-05
0.0,7.517587224997415e-05
0.0,7.516162625001522e-05
0.0,7.516110049997674e-05
0.0,7.51496162500101e-05
0.0,7.51184449999826e-05
0.0,7.511519724980837e-05
0.0,7.508472099994383e-05
0.0,7.507210824995313e-05
0.0,7.507181724993842e-05
0.0,7.506992199997829e-05
0.0,7.506915650002137e-05
0.0,7.506494499983217e-05
0.0,7.506276499996879e-05
0.0,7.506192325012215e-05
0.0,7.506012425002584e-05
0.0,7.505202500002088e-05
0.0,7.504162900002793e-05
0.0,7.504106600003034e-05
0.0,7.503862499986443e-05
0.0,7.503822625005207e-05
0.0,7.503777125004014e-05
0.0,7.503727224994815e-05
0.0,7.499794324997231e-05
0.0,7.49955892497584e-05
0.0,7.49939125000291e-05
0.0,7.499191050000452e-05
0.0,7.498699650000456e-05
0.0,7.49737362500481e-05
0.0,7.49540005000192e-05
0.0,7.493703125002202e-05
0.0,7.493069300014833e-05
0.0,7.491829850005328e-05
0.0,7.49087052500113e-05
0.0,7.48998100001652e-05
0.0,7.488762649999831e-05
0.0,7.488735250018374e-05
0.0,7.487705000000686e-05
0.0,7.486427224986014e-05
0.0,7.486155625002303e-05
0.0,7.485078725004863e-05
0.0,7.484974824998533e-05
0.0,7.484801124993002e-05
0.0,7.483779200002368e-05
0.0,7.483202325007864e-05
0.0,7.482200650007543e-05
0.0,7.480016050004987e-05
0.0,7.479013049992221e-05
0.0,7.478569800002462e-05
0.0,7.478532500005063e-05
0.0,7.478066525004749e-05
0.0,7.478052625000596e-05
0.0,7.478012499990006e-05
0.0,7.477628225003434e-05
0.0,7.47712999999317e-05
0.0,7.475039525004057e-05
0.0,7.474703399991261e-05
0.0,7.473132425002383e-05
0.0,7.472924450001395e-05
0.0,7.471914925005245e-05
0.0,7.470579824980553e-05
0.0,7.46870045000328e-05
0.0,7.468654450000137e-05
0.0,7.467184624995466e-05
0.0,7.467039724996571e-05
0.0,7.46603785000396e-05
0.0,7.465842500003111e-05
0.0,7.465757649999772e-05
0.0,7.462581800002038e-05
0.0,7.462396249994377e-05
0.0,7.460337700014511e-05
0.0,7.46026542499717e-05
0.0,7.460040425005183e-05
0.0,7.457300000018126e-05
0.0,7.456736250007807e-05
0.0,7.456415625007855e-05
0.0,7.456347125003743e-05
0.0,7.455292099998285e-05
0.0,7.455252124996034e-05
0.0,7.454691249987911e-05
0.0,7.453921224999876e-05
0.0,7.453632499996293e-05
0.0,7.450639825000091e-05
0.0,7.449399624999868e-05
0.0,7.445572524997451e-05
0.0,7.44482912500191e-05
0.0,7.44230500000655e-05
0.0,7.442093300000879e-05
0.0,7.441826499996402e-05
0.0,7.44120065000082e-05
0.0,7.441023625023453e-05
0.0,7.44097999999852e-05
0.0,7.440834600004155e-05
0.0,7.440443525002596e-05
0.0,7.438381924978563e-05
0.0,7.435658050015172e-05
0.0,7.434686499998834e-05
0.0,7.434390250000611e-05
0.0,7.434312649987838e-05
0.0,7.432450000000412e-05
0.0,7.430952499997428e-05
0.0,7.430708000001818e-05
0.0,7.430085699988054e-05
0.0,7.429922825004644e-05
0.0,7.42967240000694e-05
0.0,7.423006624990244e-05
0.0,7.422638050002555e-05
0.0,7.42155252500561e-05
0.0,7.421040500008837e-05
0.0,7.420411025003528e-05
0.0,7.420150249999545e-05
0.0,7.420106000001719e-05
0.0,7.420020199986729e-05
0.0,7.419483250004672e-05
0.0,7.415552125000958e-05
0.0,7.414977249992096e-05
0.0,7.414879225002391e-05
0.0,7.41438890000415e-05
0.0,7.411428224983432e-05
0.0,7.410077000001618e-05
0.0,7.40731849999802e-05
0.0,7.40666899999957e-05
0.0,7.406652500002885e-05
0.0,7.406601725008621e-05
0.0,7.406462900005667e-05
0.0,7.405579524994963e-05
0.0,7.404702499997491e-05
0.0,7.404370424995815e-05
0.0,7.402499599998384e-05
0.0,7.401690000000175e-05
0.0,7.400862725000088e-05
0.0,7.399704625002794e-05
0.0,7.399488499998426e-05
0.0,7.399372500003563e-05
0.0,7.399149324996518e-05
0.0,7.397967324988906e-05
0.0,7.397785924998625e-05
0.0,7.397049650001165e-05
0.0,7.394730624998613e-05
0.0,7.393291300000848e-05
0.0,7.392624850004117e-05
0.0,7.388845000003337e-05
0.0,7.388556024994835e-05
0.0,7.388178425004192e-05
0.0,7.386242650002158e-05
0.0,7.384937000004806e-05
0.0,7.383500124987736e-05
0.0,7.381811300000997e-05
0.0,7.38015362498762e-05
0.0,7.378651625003586e-05
0.0,7.37830825000477e-05
0.0,7.378191249999414e-05
0.0,7.377768724995497e-05
0.0,7.376807524997586e-05
0.0,7.376011600020065e-05
0.0,7.37567772500639e-05
0.0,7.375375024999307e-05
0.0,7.375254925002275e-05
0.0,7.374701050000994e-05
0.0,7.374417250002771e-05
0.0,7.373911250004695e-05
0.0,7.373655324982475e-05
0.0,7.373610049995143e-05
0.0,7.373233825008323e-05
0.0,7.373048224999726e-05
0.0,7.372231249999598e-05
0.0,7.370668225002933e-05
0.0,7.370472500000199e-05
0.0,7.370155525000207e-05
0.0,7.369792999986887e-05
0.0,7.368934249992658e-05
0.0,7.368741424994095e-05
0.0,7.368045425006623e-05
0.0,7.364747524998488e-05
0.0,7.364419249995489e-05
0.0,7.364335249993598e-05
0.0,7.364104649998928e-05
0.0,7.363987249979102e-05
0.0,7.361424999995364e-05
0.0,7.361393000001356e-05
0.0,7.360875050005657e-05
0.0,7.356952849993343e-05
0.0,7.35621602498528e-05
0.0,7.354625624998613e-05
0.0,7.353947725001155e-05
0.0,7.352732499993391e-05
0.0,7.350778824991608e-05
0.0,7.347785800000952e-05
0.0,7.347674899983291e-05
0.0,7.345923649999818e-05
0.0,7.345846449999579e-05
0.0,7.344136849994664e-05
0.0,7.342984999981301e-05
0.0,7.3428313249963e-05
0.0,7.342598599998168e-05
0.0,7.341339925001769e-05
0.0,7.341232050000384e-05
0.0,7.340971250002757e-05
0.0,7.340774225015085e-05
0.0,7.339592124998358e-05
0.0,7.338954624998026e-05
0.0,7.338359125000117e-05
0.0,7.338349024999701e-05
0.0,7.338161524999458e-05
0.0,7.337941424986835e-05
0.0,7.33712792500174e-05
0.0,7.335780499998671e-05
0.0,7.33544905000499e-05
0.0,7.334629825004232e-05
0.0,7.332944399995818e-05
0.0,7.330820850004092e-05
0.0,7.329377125012804e-05
0.0,7.326648649982498e-05
0.0,7.326237125003133e-05
0.0,7.324410249998732e-05
0.0,7.322969825002129e-05
0.0,7.322848649995952e-05
0.0,7.320100450019785e-05
0.0,7.319997624998092e-05
0.0,7.319682499993922e-05
0.0,7.319121800006452e-05
0.0,7.318462500003741e-05
0.0,7.315818249979846e-05
0.0,7.315273325002108e-05
0.0,7.315227250001563e-05
0.0,7.314935225000819e-05
0.0,7.313536899993095e-05
0.0,7.3132853000004e-05
0.0,7.312644925007357e-05
0.0,7.311745024997132e-05
0.0,7.31014765000446e-05
0.0,7.30697672500674e-05
0.0,7.305401800000154e-05
0.0,7.30518132500681e-05
0.0,7.303241300022954e-05
0.0,7.303170250000661e-05
0.0,7.302355625010545e-05
0.0,7.30154132498782e-05
0.0,7.300781525016633e-05
0.0,7.299128500002268e-05
0.0,7.298040499997431e-05
0.0,7.295031249994373e-05
0.0,7.294462600004607e-05
0.0,7.294225000000728e-05
0.0,7.293109225002104e-05
0.0,7.29205479999604e-05
0.0,7.29199062498993e-05
0.0,7.29132499999627e-05
0.0,7.290113125012264e-05
0.0,7.289892650001038e-05
0.0,7.289051049995678e-05
0.0,7.288968250008027e-05
0.0,7.288742249996699e-05
0.0,7.288635324992881e-05
0.0,7.288344924994742e-05
0.0,7.288042525006854e-05
0.0,7.28562050000169e-05
0.0,7.283687199999689e-05
0.0,7.283177449994446e-05
0.0,7.281887300015694e-05
0.0,7.281618099991088e-05
0.0,7.28095250002024e-05
0.0,7.278617424999501e-05
0.0,7.27855112498894e-05
0.0,7.278125624997844e-05
0.0,7.274028200015002e-05
0.0,7.272970625005228e-05
0.0,7.272843399990761e-05
0.0,7.272378449993484e-05
0.0,7.272152499998222e-05
0.0,7.271187249995971e-05
0.0,7.270215024999602e-05
0.0,7.26858102498168e-05
0.0,7.268515850000556e-05
0.0,7.268470250007894e-05
0.0,7.268383400001923e-05
0.0,7.268380200006389e-05
0.0,7.266865850002018e-05
0.0,7.266415250003927e-05
0.0,7.265581025002947e-05
0.0,7.264840500002588e-05
0.0,7.263264999998498e-05
0.0,7.262671725004434e-05
0.0,7.26235280000126e-05
0.0,7.261701850037205e-05
0.0,7.260612500001613e-05
0.0,7.260122424959306e-05
0.0,7.260009124998825e-05
0.0,7.25996799998832e-05
0.0,7.259649999996924e-05
0.0,7.259515624999746e-05
0.0,7.256318624990389e-05
0.0,7.255644999998788e-05
0.0,7.255474650002343e-05
0.0,7.255403424997263e-05
0.0,7.255053925003624e-05
0.0,7.25467482500041e-05
0.0,7.249587324995052e-05
0.0,7.247727125003913e-05
0.0,7.247548999995062e-05
0.0,7.247317450003357e-05
0.0,7.247167249996002e-05
0.0,7.246246450013584e-05
0.0,7.24583025000913e-05
0.0,7.244352425003693e-05
0.0,7.24389422498069e-05
0.0,7.243488400002407e-05
0.0,7.243083124998265e-05
0.0,7.242931249999765e-05
0.0,7.242191825001558e-05
0.0,7.239970249987398e-05
0.0,7.238566525003486e-05
0.0,7.238564999994759e-05
0.0,7.23710245001276e-05
0.0,7.235539999991587e-05
0.0,7.235340250014769e-05
0.0,7.234702849997963e-05
0.0,7.233245650002319e-05
0.0,7.233013449999858e-05
0.0,7.231922100005616e-05
0.0,7.23092849999523e-05
0.0,7.229606499996872e-05
0.0,7.229253825006646e-05
0.0,7.228914250003563e-05
0.0,7.228804924997123e-05
0.0,7.228017000003982e-05
0.0,7.22798802501117e-05
0.0,7.227502824993754e-05
0.0,7.226785000007363e-05
0.0,7.226450450000206e-05
0.0,7.226310625004707e-05
0.0,7.225976024996539e-05
0.0,7.225531625003907e-05
0.0,7.225472500000489e-05
0.0,7.224189125004711e-05
0.0,7.223722600000805e-05
0.0,7.22348449999895e-05
0.0,7.223482625000842e-05
0.0,7.221461525000986e-05
0.0,7.220541199989411e-05
0.0,7.21992312500525e-05
0.0,7.218658900006103e-05
0.0,7.218486724982038e-05
0.0,7.217539199992249e-05
0.0,7.216615399997893e-05
0.0,7.215690850000318e-05
0.0,7.215126924981075e-05
0.0,7.213548724991682e-05
0.0,7.209395224995607e-05
0.0,7.20893160000494e-05
0.0,7.208690450009546e-05
0.0,7.207011249993413e-05
0.0,7.206831250003987e-05
0.0,7.206424249999138e-05
0.0,7.205312499996387e-05
0.0,7.204758799999682e-05
0.0,7.203938625002362e-05
0.0,7.203174049984839e-05
0.0,7.201649449979419e-05
0.0,7.201473525022509e-05
0.0,7.201282100020326e-05
0.0,7.200681800002389e-05
0.0,7.199742500038872e-05
0.0,7.198978224997342e-05
0.0,7.197757824984718e-05
0.0,7.197166224994579e-05
0.0,7.196192899998744e-05
0.0,7.195852625000602e-05
0.0,7.19561912499753e-05
0.0,7.195180625000464e-05
0.0,7.194954825003727e-05
0.0,7.194890125001915e-05
0.0,7.194713125016045e-05
0.0,7.19034804999694e-05
0.0,7.189756924998642e-05
0.0,7.18889162500951e-05
0.0,7.188051324997106e-05
0.0,7.186945000003982e-05
0.0,7.186361625002296e-05
0.0,7.186346449999883e-05
0.0,7.185687700023473e-05
0.0,7.185196625000125e-05
0.0,7.184960324998767e-05
0.0,7.183464100008627e-05
0.0,7.182919999995473e-05
0.0,7.182511624994329e-05
0.0,7.182294049993128e-05
0.0,7.181730124998535e-05
0.0,7.179864425001315e-05
0.0,7.178566624999013e-05
0.0,7.177451125000454e-05
0.0,7.177198899998087e-05
0.0,7.17634622499698e-05
0.0,7.175985699999862e-05
0.0,7.175792649990448e-05
0.0,7.175467400001917e-05
0.0,7.1744833249958e-05
0.0,7.174294850000202e-05
0.0,7.172543825004294e-05
0.0,7.172534649995408e-05
0.0,7.171079450001633e-05
0.0,7.170611825008113e-05
0.0,7.168619050008603e-05
0.0,7.167554600001807e-05
0.0,7.166556624989842e-05
0.0,7.16598782499665e-05
0.0,7.164702249976045e-05
0.0,7.164480650002653e-05
0.0,7.16444649999978e-05
0.0,7.164136999995402e-05
0.0,7.162102124999911e-05
0.0,7.159514650000957e-05
0.0,7.158348625000281e-05
0.0,7.15774625000078e-05
0.0,7.155885425002537e-05
0.0,7.155184500000216e-05
0.0,7.15327700000383e-05
0.0,7.15058485000731e-05
0.0,7.149785525001427e-05
0.0,7.149054625002129e-05
0.0,7.148704999996415e-05
0.0,7.147973124999244e-05
0.0,7.147902924998855e-05
0.0,7.147308200016634e-05
0.0,7.146241699997532e-05
0.0,7.144316524981066e-05
0.0,7.14413125000052e-05
0.0,7.143462625001248e-05
0.0,7.143199399996731e-05
0.0,7.142521624993578e-05
0.0,7.142127249997966e-05
0.0,7.141737649997654e-05
0.0,7.141131050007751e-05
0.0,7.140466924995858e-05
0.0,7.137039125007589e-05
0.0,7.136378224985285e-05
0.0,7.13624724999113e-05
0.0,7.135894825004473e-05
0.0,7.13588492500256e-05
0.0,7.135456249999546e-05
0.0,7.133975724995063e-05
0.0,7.132308849998445e-05
0.0,7.132220450002965e-05
0.0,7.13075762500644e-05
0.0,7.12853000000428e-05
0.0,7.126375524978587e-05
0.0,7.124897600000051e-05
0.0,7.124338524999511e-05
0.0,7.121055250006685e-05
0.0,7.120627225002849e-05
0.0,7.119227649999264e-05
0.0,7.119189624999909e-05
0.0,7.119124999992551e-05
0.0,7.117779600002601e-05
0.0,7.116422625001282e-05
0.0,7.11635859998943e-05
0.0,7.116193125001266e-05
0.0,7.11590262500334e-05
0.0,7.11482724997583e-05
0.0,7.114115425002058e-05
0.0,7.11145262500491e-05
0.0,7.110690850013152e-05
0.0,7.110143299996681e-05
0.0,7.109973025006019e-05
0.0,7.108103249981165e-05
0.0,7.107564999993392e-05
0.0,7.106940625021883e-05
0.0,7.106031024983457e-05
0.0,7.101948125004038e-05
0.0,7.101842525006487e-05
0.0,7.101804200004609e-05
0.0,7.100869700005699e-05
0.0,7.100309250009155e-05
0.0,7.100113249999403e-05
0.0,7.099680399997609e-05
0.0,7.098526449996571e-05
0.0,7.097584625000077e-05
0.0,7.096978249997242e-05
0.0,7.096331249996767e-05
0.0,7.095218649990484e-05
0.0,7.094560849994763e-05
0.0,7.093166225000566e-05
0.0,7.093153625001128e-05
0.0,7.092470425020419e-05
0.0,7.092074450016558e-05
0.0,7.09195105000315e-05
0.0,7.091950049994172e-05
0.0,7.09173000000173e-05
0.0,7.091706399978265e-05
0.0,7.091450000000942e-05
0.0,7.09122982500884e-05
0.0,7.091003825023266e-05
0.0,7.090811124996091e-05
0.0,7.087793000007766e-05
0.0,7.087546849995162e-05
0.0,7.086300425004208e-05
0.0,7.084945849991135e-05
0.0,7.084817525003037e-05
0.0,7.084168649996824e-05
0.0,7.082735399999034e-05
0.0,7.079506625003247e-05
0.0,7.079382250008553e-05
0.0,7.079119449999367e-05
0.0,7.078838124995339e-05
0.0,7.075561025001031e-05
0.0,7.075099525003873e-05
0.0,7.074858124993198e-05
0.0,7.074762500009934e-05
0.0,7.074730124985817e-05
0.0,7.072265525003222e-05
0.0,7.07157665000035e-05
0.0,7.071145000005157e-05
0.0,7.070805125014588e-05
0.0,7.070778400000648e-05
0.0,7.070775324998777e-05
0.0,7.070122624993232e-05
0.0,7.069272499994202e-05
0.0,7.068035525000939e-05
0.0,7.0676652500002e-05
0.0,7.067592224995923e-05
0.0,7.065889999996269e-05
0.0,7.06560205000284e-05
0.0,7.065106100000054e-05
0.0,7.064205525004086e-05
0.0,7.063919525008144e-05
0.0,7.063741800000522e-05
0.0,7.061746499998022e-05
0.0,7.061284524997454e-05
0.0,7.060797249999537e-05
0.0,7.060230424999414e-05
0.0,7.060020725002932e-05
0.0,7.059396825001834e-05
0.0,7.059396499982795e-05
0.0,7.058982499998209e-05
0.0,7.058829024999663e-05
0.0,7.054602124989499e-05
0.0,7.054440624990773e-05
0.0,7.052825000000538e-05
0.0,7.052583625024912e-05
0.0,7.051814649982442e-05
0.0,7.04951202498787e-05
0.0,7.049282000007946e-05
0.0,7.04915082499871e-05
0.0,7.048696399999612e-05
0.0,7.048253224995206e-05
0.0,7.048077124998246e-05
0.0,7.047912500000466e-05
0.0,7.047818324994672e-05
0.0,7.045642250002549e-05
0.0,7.040478650003238e-05
0.0,7.039084025000611e-05
0.0,7.038804250002614e-05
0.0,7.038059125003905e-05
0.0,7.036964124995619e-05
0.0,7.036854849999571e-05
0.0,7.036620625007064e-05
0.0,7.036268900017008e-05
0.0,7.03615862498879e-05
0.0,7.036050499987903e-05
0.0,7.035808000000813e-05
0.0,7.034830850007902e-05
0.0,7.033910049997476e-05
0.0,7.033902849993217e-05
0.0,7.03257245000197e-05
0.0,7.029866425005299e-05
0.0,7.02967940000294e-05
0.0,7.029270624995026e-05
0.0,7.028484624994082e-05
0.0,7.026228449969314e-05
0.0,7.026162049990426e-05
0.0,7.025824625019086e-05
0.0,7.02578650000223e-05
0.0,7.025258125016465e-05
0.0,7.023221525004327e-05
0.0,7.022718424982955e-05
0.0,7.022421625006107e-05
0.0,7.021264900015133e-05
0.0,7.021250424999573e-05
0.0,7.020462099998422e-05
0.0,7.020354724997528e-05
0.0,7.020056124984708e-05
0.0,7.019683649998307e-05
0.0,7.019271999985311e-05
0.0,7.018539624999905e-05
0.0,7.017366250001637e-05
0.0,7.017309124998053e-05
0.0,7.015705450001487e-05
0.0,7.015403525000977e-05
0.0,7.015009825007908e-05
0.0,7.014759724998022e-05
0.0,7.0132900500036e-05
0.0,7.012728125003467e-05
0.0,7.012614250001081e-05
0.0,7.012231849998189e-05
0.0,7.010329000013785e-05
0.0,7.00977850000095e-05
0.0,7.008632499999788e-05
0.0,7.007911299995899e-05
0.0,7.007629925003221e-05
0.0,7.007519525003666e-05
0.0,7.005312500001288e-05
0.0,7.004833449999697e-05
0.0,7.004574924999845e-05
0.0,7.00456249999528e-05
0.0,7.004285725005366e-05
0.0,7.001449999997398e-05
0.0,7.000715124998466e-05
0.0,7.00020000000461e-05
0.0,6.999158500007672e-05
0.0,6.998485249990434e-05
0.0,6.99818342500202e-05
0.0,6.997959999993518e-05
0.0,6.997930850004633e-05
0.0,6.995881999999531e-05
0.0,6.994615050008986e-05
0.0,6.993148825002673e-05
0.0,6.992251625000928e-05
0.0,6.992194249992695e-05
0.0,6.991736725005189e-05
0.0,6.989207450001941e-05
0.0,6.987493300002064e-05
0.0,6.986390450013079e-05
0.0,6.986216199999026e-05
0.0,6.985766500003187e-05
0.0,6.985697625001997e-05
0.0,6.984941799999245e-05
0.0,6.984772999997401e-05
0.0,6.983597200001305e-05
0.0,6.982784499974588e-05
0.0,6.982354100001804e-05
0.0,6.981853250001354e-05
0.0,6.981403724999824e-05
0.0,6.981136825006946e-05
0.0,6.980704900000401e-05
0.0,6.980703250010034e-05
0.0,6.98018952500054e-05
0.0,6.978368899993381e-05
0.0,6.977177999997674e-05
0.0,6.976951249996689e-05
0.0,6.974846125002649e-05
0.0,6.971731025007109e-05
0.0,6.970408250001495e-05
0.0,6.97028525000667e-05
0.0,6.970185925004671e-05
0.0,6.968431300015764e-05
0.0,6.967072624998807e-05
0.0,6.963644524995982e-05
0.0,6.963376525011176e-05
0.0,6.962891124989746e-05
0.0,6.96259872500961e-05
0.0,6.962519050000875e-05
0.0,6.961724499997816e-05
0.0,6.961402125017764e-05
0.0,6.960586250006338e-05
0.0,6.959044625004422e-05
0.0,6.958072225002862e-05
0.0,6.957890225010589e-05
0.0,6.957682249996332e-05
0.0,6.957009025005165e-05
0.0,6.955446625015988e-05
0.0,6.955296999976202e-05
0.0,6.95398262500086e-05
0.0,6.949998399997955e-05
0.0,6.947918125006525e-05
0.0,6.94758249999221e-05
0.0,6.94750250000422e-05
0.0,6.946365725008427e-05
0.0,6.945486424993444e-05
0.0,6.945034050002665e-05
0.0,6.943779224993337e-05
0.0,6.943759999997437e-05
0.0,6.943721124996852e-05
0.0,6.943230924996274e-05
0.0,6.94297812499667e-05
0.0,6.942901249991953e-05
0.0,6.942513924998141e-05
0.0,6.941770224998702e-05
0.0,6.941383200001235e-05
0.0,6.938754324992525e-05
0.0,6.938454650024101e-05
0.0,6.937492500000123e-05
0.0,6.936899624999869e-05
0.0,6.936035724993935e-05
0.0,6.935806125004718e-05
0.0,6.935742500006077e-05
0.0,6.935357250003297e-05
0.0,6.933430250003267e-05
0.0,6.931514124999279e-05
0.0,6.931148624993328e-05
0.0,6.928756250002406e-05
0.0,6.92822500000065e-05
0.0,6.927302499975521e-05
0.0,6.92724499999533e-05
0.0,6.923712800001655e-05
0.0,6.923220724999148e-05
0.0,6.922340050004135e-05
0.0,6.921781325017533e-05
0.0,6.92100512500031e-05
0.0,6.920514050006793e-05
0.0,6.919155625000341e-05
0.0,6.917886924996807e-05
0.0,6.916331825001014e-05
0.0,6.916215850000303e-05
0.0,6.915673800002883e-05
0.0,6.914356424998965e-05
0.0,6.914180024986795e-05
0.0,6.908900850008672e-05
0.0,6.90804224999987e-05
0.0,6.907860000003012e-05
0.0,6.907552450006316e-05
0.0,6.905553524998985e-05
0.0,6.903906650014618e-05
0.0,6.903805000020685e-05
0.0,6.903716125006831e-05
0.0,6.897342424997557e-05
0.0,6.897092850004173e-05
0.0,6.896281625006956e-05
0.0,6.895713324999857e-05
0.0,6.895338125002679e-05
0.0,6.891416725020923e-05
0.0,6.888280999999401e-05
0.0,6.886979999997324e-05
0.0,6.882048625002025e-05
0.0,6.881628800011616e-05
0.0,6.881523624993266e-05
0.0,6.878583925004874e-05
0.0,6.878167699998155e-05
0.0,6.877477224994131e-05
0.0,6.876945725003492e-05
0.0,6.876750625006089e-05
0.0,6.876168999997411e-05
0.0,6.876103725000638e-05
0.0,6.875676800015877e-05
0.0,6.874762500001227e-05
0.0,6.874352049990026e-05
0.0,6.873785999989506e-05
0.0,6.873168625000142e-05
0.0,6.8725666249972e-05
0.0,6.872479999985496e-05
0.0,6.871582249994209e-05
0.0,6.871292900017623e-05
0.0,6.871057249997375e-05
0.0,6.870712224996036e-05
0.0,6.869233124999274e-05
0.0,6.868785249996813e-05
0.0,6.865462324989226e-05
0.0,6.863619125002733e-05
0.0,6.86300412500142e-05
0.0,6.862683425009095e-05
0.0,6.862401449990651e-05
0.0,6.861479300003244e-05
0.0,6.86085632499665e-05
0.0,6.860603199999227e-05
0.0,6.860232649999257e-05
0.0,6.859032249992942e-05
0.0,6.858386725004137e-05
0.0,6.857302499999114e-05
0.0,6.855622924999998e-05
0.0,6.852587399998534e-05
0.0,6.851180224999912e-05
0.0,6.850759449999804e-05
0.0,6.849367925008734e-05
0.0,6.848361225001364e-05
0.0,6.847197624980752e-05
0.0,6.846804724994415e-05
0.0,6.84585652499573e-05
0.0,6.845441849998235e-05
0.0,6.845076249993945e-05
0.0,6.843667999998108e-05
0.0,6.842415724990275e-05
0.0,6.842345299994263e-05
0.0,6.842252499994229e-05
0.0,6.841792625000048e-05
0.0,6.839698825003115e-05
0.0,6.838644499990382e-05
0.0,6.83731112499799e-05
0.0,6.836141250001022e-05
0.0,6.83572982499786e-05
0.0,6.834947650000058e-05
0.0,6.834838900003404e-05
0.0,6.83392812499606e-05
0.0,6.83350752500724e-05
0.0,6.832502724981346e-05
0.0,6.832306624999921e-05
0.0,6.831284499995134e-05
0.0,6.831132500002805e-05
0.0,6.83032112499692e-05
0.0,6.829719649990745e-05
0.0,6.82784762499745e-05
0.0,6.827490624997487e-05
0.0,6.826076525004077e-05
0.0,6.825024999998017e-05
0.0,6.824632399999825e-05
0.0,6.822524200004055e-05
0.0,6.822154099998778e-05
0.0,6.821869850006377e-05
0.0,6.821131325000267e-05
0.0,6.820401924999416e-05
0.0,6.819900125000843e-05
0.0,6.819811699998484e-05
0.0,6.818209224996231e-05
0.0,6.814249999994347e-05
0.0,6.814147399980033e-05
0.0,6.812979925001437e-05
0.0,6.812199999992363e-05
0.0,6.811899200000632e-05
0.0,6.811227400004306e-05
0.0,6.810212124998457e-05
0.0,6.809745325000073e-05
0.0,6.807970325001226e-05
0.0,6.807905724999286e-05
0.0,6.807063625003106e-05
0.0,6.806419624995076e-05
0.0,6.803681800001727e-05
0.0,6.803016999991508e-05
0.0,6.800765625003533e-05
0.0,6.800671699999322e-05
0.0,6.800636724990669e-05
0.0,6.799101324998311e-05
0.0,6.7990261249983e-05
0.0,6.798025624998366e-05
0.0,6.795182925008132e-05
0.0,6.79455604999919e-05
0.0,6.792717425002258e-05
0.0,6.792533799990452e-05
0.0,6.79089032499596e-05
0.0,6.790667850002917e-05
0.0,6.789769025005636e-05
0.0,6.788493724991628e-05
0.0,6.785028000037652e-05
0.0,6.784341924994592e-05
0.0,6.784024999999839e-05
0.0,6.782034625015811e-05
0.0,6.781847399963396e-05
0.0,6.781534324997774e-05
0.0,6.779809600000527e-05
0.0,6.77960724998389e-05
0.0,6.779049999995989e-05
0.0,6.778004500000275e-05
0.0,6.777323650006469e-05
0.0,6.776415049996932e-05
0.0,6.77527942499705e-05
0.0,6.774598624998017e-05
0.0,6.77351912500786e-05
0.0,6.773492499995945e-05
0.0,6.771510125014324e-05
0.0,6.771304250000988e-05
0.0,6.769472199992544e-05
0.0,6.769105649992959e-05
0.0,6.767505000010856e-05
0.0,6.767055649999689e-05
0.0,6.766508824983731e-05
0.0,6.7634840250002e-05
0.0,6.761980099994509e-05
0.0,6.761930724997819e-05
0.0,6.759923624996179e-05
0.0,6.759694525006462e-05
0.0,6.759551525007925e-05
0.0,6.759215124998245e-05
0.0,6.758737024998722e-05
0.0,6.757812499995087e-05
0.0,6.75651080000163e-05
0.0,6.756466525003475e-05
0.0,6.756147400005152e-05
0.0,6.753457000000223e-05
0.0,6.752781325001641e-05
0.0,6.751600400004259e-05
0.0,6.749772099998038e-05
0.0,6.748749799999226e-05
0.0,6.746676025010845e-05
0.0,6.74662209999135e-05
0.0,6.74612122499669e-05
0.0,6.744745599997435e-05
0.0,6.744548200000454e-05
0.0,6.74401025000121e-05
0.0,6.742464324994118e-05
0.0,6.740910124995852e-05
0.0,6.738212500004867e-05
0.0,6.737189225015745e-05
0.0,6.736449625002327e-05
0.0,6.73486419999914e-05
0.0,6.734843599999555e-05
0.0,6.733805199993795e-05
0.0,6.733234625000585e-05
0.0,6.731015399999188e-05
0.0,6.72974425000525e-05
0.0,6.729487300002253e-05
0.0,6.728615825003805e-05
0.0,6.728417124998412e-05
0.0,6.728339924999371e-05
0.0,6.727635625020114e-05
0.0,6.727048250000883e-05
0.0,6.726816125006714e-05
0.0,6.72677622499408e-05
0.0,6.725661199997328e-05
0.0,6.724898724995724e-05
0.0,6.724805000000486e-05
0.0,6.721812499998881e-05
0.0,6.72179125000175e-05
0.0,6.721745000000864e-05
0.0,6.720749650017795e-05
0.0,6.720462499999169e-05
0.0,6.720290524999203e-05
0.0,6.718742499998432e-05
0.0,6.71869202499847e-05
0.0,6.718181300006512e-05
0.0,6.716846800019583e-05
0.0,6.714661000006822e-05
0.0,6.71276769999978e-05
0.0,6.711606724996765e-05
0.0,6.711326899997078e-05
0.0,6.711021124991688e-05
0.0,6.710606224997138e-05
0.0,6.709806800015851e-05
0.0,6.708639924997111e-05
0.0,6.708499999998218e-05
0.0,6.70785859999977e-05
0.0,6.702120000006525e-05
0.0,6.70122182499801e-05
0.0,6.701098325000081e-05
0.0,6.700030625001008e-05
0.0,6.698653449996891e-05
0.0,6.695828325004068e-05
0.0,6.695405425004574e-05
0.0,6.6949704500079e-05
0.0,6.694740000005399e-05
0.0,6.694030324999298e-05
0.0,6.692191324992255e-05
0.0,6.691058100001188e-05
0.0,6.688844224997571e-05
0.0,6.687968225001697e-05
0.0,6.68651862501803e-05
0.0,6.685229249994937e-05
0.0,6.685082099999619e-05
0.0,6.684232024994918e-05
0.0,6.6840129000059e-05
0.0,6.682448825000108e-05
0.0,6.680116924996489e-05
0.0,6.679443850004992e-05
0.0,6.679413050003302e-05
0.0,6.678841324995787e-05
0.0,6.678012999995665e-05
0.0,6.676824500004088e-05
0.0,6.676569249978306e-05
0.0,6.675256399998639e-05
0.0,6.673566499960724e-05
0.0,6.67336962500179e-05
0.0,6.672479724999724e-05
0.0,6.671833825003717e-05
0.0,6.670122125000421e-05
0.0,6.669480249999893e-05
0.0,6.669133324991376e-05
0.0,6.667799125018272e-05
0.0,6.66709562499728e-05
0.0,6.664216500001443e-05
0.0,6.663886525004019e-05
0.0,6.662757724982965e-05
0.0,6.662068925005073e-05
0.0,6.66176580000076e-05
0.0,6.661653724995278e-05
0.0,6.66139632500008e-05
0.0,6.660112500017282e-05
0.0,6.652364799995915e-05
0.0,6.649955325006265e-05
0.0,6.649418499984791e-05
0.0,6.648905224987037e-05
0.0,6.648677050001591e-05
0.0,6.647660049998759e-05
0.0,6.64719424999971e-05
0.0,6.647161924997394e-05
0.0,6.646052499990651e-05
0.0,6.643166525011141e-05
0.0,6.641071924987871e-05
0.0,6.640565000007088e-05
0.0,6.640222099992064e-05
0.0,6.639028250001777e-05
0.0,6.638964524998352e-05
0.0,6.638904500010007e-05
0.0,6.637342499985876e-05
0.0,6.635636125015105e-05
0.0,6.63529972498974e-05
0.0,6.633730024996134e-05
0.0,6.627134024999423e-05
0.0,6.62602250000151e-05
0.0,6.625152424997778e-05
0.0,6.62509449999746e-05
0.0,6.62431705000243e-05
0.0,6.622279624998549e-05
0.0,6.621745000004047e-05
0.0,6.62142644999133e-05
0.0,6.620630049995169e-05
0.0,6.62017810000339e-05
0.0,6.619838125001193e-05
0.0,6.619356249995641e-05
0.0,6.618532925011233e-05
0.0,6.618029625004719e-05
0.0,6.61714560000302e-05
0.0,6.616067124998935e-05
0.0,6.616065824999987e-05
0.0,6.615113000000512e-05
0.0,6.613989625004431e-05
0.0,6.613695124999149e-05
0.0,6.610570000005519e-05
0.0,6.609352499998461e-05
0.0,6.608990724983352e-05
0.0,6.607624999994328e-05
0.0,6.603863424997556e-05
0.0,6.60336800000057e-05
0.0,6.602960124996231e-05
0.0,6.602937525003298e-05
0.0,6.602399724999472e-05
0.0,6.600315824997793e-05
0.0,6.599811699995229e-05
0.0,6.598990025000374e-05
0.0,6.598482850018692e-05
0.0,6.598196800002374e-05
0.0,6.597550600000414e-05
0.0,6.595586824997658e-05
0.0,6.595561249983888e-05
0.0,6.59284025000695e-05
0.0,6.590689824996122e-05
0.0,6.586291124998065e-05
0.0,6.58463862499955e-05
0.0,6.58296250000332e-05
0.0,6.58135690000108e-05
0.0,6.581225299998194e-05
0.0,6.581207249995423e-05
0.0,6.580177000002101e-05
0.0,6.579234325001138e-05
0.0,6.577847300007917e-05
0.0,6.577338025003896e-05
0.0,6.576976250005428e-05
0.0,6.576898599994942e-05
0.0,6.576699125012974e-05
0.0,6.576231624999326e-05
0.0,6.574232049997246e-05
0.0,6.57316884999629e-05
0.0,6.572866500018844e-05
0.0,6.572142624994631e-05
0.0,6.571172500015638e-05
0.0,6.569491825000796e-05
0.0,6.568596499963697e-05
0.0,6.567612099995772e-05
0.0,6.567031249989873e-05
0.0,6.566860324997681e-05
0.0,6.566740899995795e-05
0.0,6.566356025000672e-05
0.0,6.566086324999687e-05
0.0,6.565973625004519e-05
0.0,6.565113124976457e-05
0.0,6.562810249988017e-05
0.0,6.562764125000293e-05
0.0,6.562363400001048e-05
0.0,6.561942499999269e-05
0.0,6.561632025004399e-05
0.0,6.561203824999819e-05
0.0,6.561016999990072e-05
0.0,6.560971625006718e-05
0.0,6.560490025000129e-05
0.0,6.560260224981369e-05
0.0,6.56011712500057e-05
0.0,6.559715600004669e-05
0.0,6.559682124997325e-05
0.0,6.559018324997355e-05
0.0,6.557988424997998e-05
0.0,6.557876000000412e-05
0.0,6.55583062500291e-05
0.0,6.554833000000497e-05
0.0,6.55440962498545e-05
0.0,6.553822325000203e-05
0.0,6.553551424991013e-05
0.0,6.553058725034968e-05
0.0,6.552027200004904e-05
0.0,6.551968724997578e-05
0.0,6.55138292499851e-05
0.0,6.55134732500491e-05
0.0,6.549186250001027e-05
0.0,6.546902125004151e-05
0.0,6.546702624991789e-05
0.0,6.545894525001454e-05
0.0,6.545718450003787e-05
0.0,6.54514900001993e-05
0.0,6.544129999995756e-05
0.0,6.542679400005344e-05
0.0,6.542312500002568e-05
0.0,6.542266249997542e-05
0.0,6.542178924997635e-05
0.0,6.541964124998623e-05
0.0,6.541291250002375e-05
0.0,6.540809225006212e-05
0.0,6.54075072499786e-05
0.0,6.539022225008372e-05
0.0,6.538582125008169e-05
0.0,6.536840900005083e-05
0.0,6.534559399995642e-05
0.0,6.534150849999234e-05
0.0,6.533631624997956e-05
0.0,6.532119325006826e-05
0.0,6.532089999995701e-05
0.0,6.531220000021553e-05
0.0,6.531200000000254e-05
0.0,6.530280124997763e-05
0.0,6.530092024999626e-05
0.0,6.529926125018132e-05
0.0,6.527827449990089e-05
0.0,6.527500324993701e-05
0.0,6.526519625002272e-05
0.0,6.525452125000371e-05
0.0,6.525095125003335e-05
0.0,6.524576650000449e-05
0.0,6.524477525000955e-05
0.0,6.523985250003704e-05
0.0,6.523117924993876e-05
0.0,6.522444624998951e-05
0.0,6.52182500000579e-05
0.0,6.521389299987679e-05
0.0,6.519967224986099e-05
0.0,6.519916800002747e-05
0.0,6.519337250008857e-05
0.0,6.518588525004005e-05
0.0,6.517389424983111e-05
0.0,6.515008649998338e-05
0.0,6.513814325021297e-05
0.0,6.51315144999368e-05
0.0,6.51270662499638e-05
0.0,6.512330500001654e-05
0.0,6.511483925000636e-05
0.0,6.51094332499663e-05
0.0,6.51079999999931e-05
0.0,6.50933382499604e-05
0.0,6.508658500006337e-05
0.0,6.508342099995204e-05
0.0,6.507951424999684e-05
0.0,6.50631699999188e-05
0.0,6.506131249962735e-05
0.0,6.501922600004928e-05
0.0,6.50178124998937e-05
0.0,6.501625924999863e-05
0.0,6.501624999998975e-05
0.0,6.501495324997547e-05
0.0,6.501469325001127e-05
0.0,6.501016999991057e-05
0.0,6.500644249998803e-05
0.0,6.500611450007555e-05
0.0,6.499575725004165e-05
0.0,6.498376625000142e-05
0.0,6.495830525001629e-05
0.0,6.495694249997288e-05
0.0,6.493716325007105e-05
0.0,6.493440199990789e-05
0.0,6.491612250001874e-05
0.0,6.49110342499594e-05
0.0,6.490440125003106e-05
0.0,6.490213000006373e-05
0.0,6.490016525001233e-05
0.0,6.486837800025407e-05
0.0,6.486433650004368e-05
0.0,6.486282499979709e-05
0.0,6.486215300005967e-05
0.0,6.485979050001341e-05
0.0,6.485725325006884e-05
0.0,6.482145124983183e-05
0.0,6.481633525000356e-05
0.0,6.48110124998092e-05
0.0,6.481088824998814e-05
0.0,6.480633324995472e-05
0.0,6.480401524999271e-05
0.0,6.480073850004572e-05
0.0,6.480045199999954e-05
0.0,6.47965662499751e-05
0.0,6.47893449999771e-05
0.0,6.478912625000881e-05
0.0,6.478500925001918e-05
0.0,6.4781329999978e-05
0.0,6.477631625009931e-05
0.0,6.47622004999973e-05
0.0,6.47425862499993e-05
0.0,6.47203362499778e-05
0.0,6.471126050001477e-05
0.0,6.470157425006153e-05
0.0,6.46933299999377e-05
0.0,6.46891862499903e-05
0.0,6.468749725005457e-05
0.0,6.467502499998402e-05
0.0,6.46737170000287e-05
0.0,6.4668702249981e-05
0.0,6.466598650009767e-05
0.0,6.464362499996149e-05
0.0,6.464168100002739e-05
0.0,6.463718425006028e-05
0.0,6.462966250009305e-05
0.0,6.462798800003201e-05
0.0,6.460841124999734e-05
0.0,6.460293799999212e-05
0.0,6.46014062497774e-05
0.0,6.459684649995863e-05
0.0,6.459128124998136e-05
0.0,6.458606799996237e-05
0.0,6.457657625016755e-05
0.0,6.457374624980347e-05
0.0,6.456153325005321e-05
0.0,6.455844624990025e-05
0.0,6.45575449999992e-05
0.0,6.455261125006285e-05
0.0,6.45463462498052e-05
0.0,6.452682725006318e-05
0.0,6.452579600002185e-05
0.0,6.451926500002722e-05
0.0,6.450147625001154e-05
0.0,6.449482850004226e-05
0.0,6.448921300001426e-05
0.0,6.448840024988491e-05
0.0,6.44868062500072e-05
0.0,6.44635422499784e-05
0.0,6.44507890001897e-05
0.0,6.444227600001602e-05
0.0,6.441496450000365e-05
0.0,6.441031924997361e-05
0.0,6.440664500004044e-05
0.0,6.436674250006618e-05
0.0,6.435824900002265e-05
0.0,6.434917424996114e-05
0.0,6.433934825001899e-05
0.0,6.431717200002337e-05
0.0,6.428070625001794e-05
0.0,6.427929849997256e-05
0.0,6.423072499999347e-05
0.0,6.419808425000355e-05
0.0,6.41824999999632e-05
0.0,6.417910024995712e-05
0.0,6.416916324998142e-05
0.0,6.41578632499681e-05
0.0,6.41498342500422e-05
0.0,6.414341525001017e-05
0.0,6.4135395250021e-05
0.0,6.412857025008311e-05
0.0,6.409374424999075e-05
0.0,6.407248250008224e-05
0.0,6.405423624998533e-05
0.0,6.403080024999748e-05
0.0,6.403071049997872e-05
0.0,6.402911400019189e-05
0.0,6.401770824997297e-05
0.0,6.401018499998777e-05
0.0,6.39954422500027e-05
0.0,6.39902025000084e-05
0.0,6.398877849987861e-05
0.0,6.398619124993563e-05
0.0,6.397059699999664e-05
0.0,6.396612124998991e-05
0.0,6.396222850000552e-05
0.0,6.394604800003727e-05
0.0,6.393717199997692e-05
0.0,6.392339049997955e-05
0.0,6.392165625001077e-05
0.0,6.391108124998283e-05
0.0,6.390506049982396e-05
0.0,6.389917650002902e-05
0.0,6.389247124989546e-05
0.0,6.388352500018407e-05
0.0,6.387926899997819e-05
0.0,6.387595324993185e-05
0.0,6.385756500004426e-05
0.0,6.38532304997956e-05
0.0,6.384856999997733e-05
0.0,6.384663199995969e-05
0.0,6.383982724997682e-05
0.0,6.38335562499959e-05
0.0,6.383155299995887e-05
0.0,6.380965000001526e-05
0.0,6.380769125000092e-05
0.0,6.380436025007555e-05
0.0,6.38030919999824e-05
0.0,6.379783999999297e-05
0.0,6.379719999999187e-05
0.0,6.378010000001555e-05
0.0,6.374498500000823e-05
0.0,6.374329999998793e-05
0.0,6.373314450005115e-05
0.0,6.372244250001617e-05
0.0,6.371392000010305e-05
0.0,6.371270724995492e-05
0.0,6.370253000001016e-05
0.0,6.369878124998e-05
0.0,6.369160400010728e-05
0.0,6.368794650003114e-05
0.0,6.368356625016149e-05
0.0,6.366450925013453e-05
0.0,6.366051049999446e-05
0.0,6.364383524996167e-05
0.0,6.362127849994483e-05
0.0,6.361615324997282e-05
0.0,6.361524999996042e-05
0.0,6.360736624996237e-05
0.0,6.360133925003184e-05
0.0,6.357161049997247e-05
0.0,6.356969599990569e-05
0.0,6.356431250005605e-05
0.0,6.3550890000013e-05
0.0,6.354650000000439e-05
0.0,6.354365200014568e-05
0.0,6.354305525002637e-05
0.0,6.353369725011279e-05
0.0,6.352425925001972e-05
0.0,6.351467299995251e-05
0.0,6.351412499986582e-05
0.0,6.35014952502052e-05
0.0,6.349701850000558e-05
0.0,6.348052850001866e-05
0.0,6.347700900002451e-05
0.0,6.346021249985241e-05
0.0,6.345091924986351e-05
0.0,6.34481325000382e-05
0.0,6.342869125004636e-05
0.0,6.342680525002272e-05
0.0,6.341949925013125e-05
0.0,6.339230725002661e-05
0.0,6.339060099998813e-05
0.0,6.33899402500486e-05
0.0,6.337550649999143e-05
0.0,6.336679049983665e-05
0.0,6.336619425005918e-05
0.0,6.336420850000364e-05
0.0,6.335742125002645e-05
0.0,6.334992000006627e-05
0.0,6.333986124998687e-05
0.0,6.333519400001701e-05
0.0,6.330403125000454e-05
0.0,6.329567724998943e-05
0.0,6.329050625002386e-05
0.0,6.328495399998978e-05
0.0,6.328018924999816e-05
0.0,6.327549625000466e-05
0.0,6.326592850008744e-05
0.0,6.325519999998946e-05
0.0,6.325382499999879e-05
0.0,6.325115049994182e-05
0.0,6.324409999999887e-05
0.0,6.323406050015476e-05
0.0,6.322671324995593e-05
0.0,6.322426650004746e-05
0.0,6.321654224995941e-05
0.0,6.320689299985953e-05
0.0,6.320288900002859e-05
0.0,6.319817825005774e-05
0.0,6.319707050005572e-05
0.0,6.318244524996489e-05
0.0,6.313664124999095e-05
0.0,6.311445625006341e-05
0.0,6.310144999989857e-05
0.0,6.309488449994176e-05
0.0,6.308948124998401e-05
0.0,6.306730899995029e-05
0.0,6.306104025001079e-05
0.0,6.305247124998855e-05
0.0,6.304879124996134e-05
0.0,6.301450000002144e-05
0.0,6.301209024997073e-05
0.0,6.301087425002123e-05
0.0,6.300572624994768e-05
0.0,6.29737705000097e-05
0.0,6.297350449997106e-05
0.0,6.296257025000048e-05
0.0,6.296065424999775e-05
0.0,6.293592499998825e-05
0.0,6.293552499996107e-05
0.0,6.293304124990794e-05
0.0,6.292463124998713e-05
0.0,6.291113299993138e-05
0.0,6.29012644999402e-05
0.0,6.290024500006945e-05
0.0,6.289809999998971e-05
0.0,6.288679124994743e-05
0.0,6.288595625002805e-05
0.0,6.287436124997661e-05
0.0,6.287256125002869e-05
0.0,6.285626000000671e-05
0.0,6.285573649997626e-05
0.0,6.285318524991413e-05
0.0,6.285005000004501e-05
0.0,6.283490049984345e-05
0.0,6.282563599992727e-05
0.0,6.281898650000478e-05
0.0,6.281408124999397e-05
0.0,6.280942025001468e-05
0.0,6.280249599992069e-05
0.0,6.278517624998709e-05
0.0,6.275360499991497e-05
0.0,6.27510924999741e-05
0.0,6.273240624997769e-05
0.0,6.27321250001529e-05
0.0,6.271621525001908e-05
0.0,6.271416050000833e-05
0.0,6.270894125020893e-05
0.0,6.26988819999353e-05
0.0,6.269453450001556e-05
0.0,6.268995225000484e-05
0.0,6.265632500002932e-05
0.0,6.26560502500374e-05
0.0,6.264929725006662e-05
0.0,6.264609649999338e-05
0.0,6.26383062499437e-05
0.0,6.262456850000058e-05
0.0,6.260632324982147e-05
0.0,6.259704100011786e-05
0.0,6.259586525002842e-05
0.0,6.257871624999533e-05
0.0,6.257857525013456e-05
0.0,6.256705824994716e-05
0.0,6.255385449992771e-05
0.0,6.252106925002095e-05
0.0,6.251544999997182e-05
0.0,6.25047199999533e-05
0.0,6.249269700000845e-05
0.0,6.248382650000593e-05
0.0,6.247663925004776e-05
0.0,6.247646425008212e-05
0.0,6.247458124982046e-05
0.0,6.245549000001779e-05
0.0,6.244563024998282e-05
0.0,6.242626525001043e-05
0.0,6.242243225004491e-05
0.0,6.240416649985937e-05
0.0,6.240106100001658e-05
0.0,6.240089699987996e-05
0.0,6.240060125002054e-05
0.0,6.238384999996628e-05
0.0,6.23707592499913e-05
0.0,6.23653062500295e-05
0.0,6.236016249999113e-05
0.0,6.232409300005652e-05
0.0,6.228577225001933e-05
0.0,6.228239050002837e-05
0.0,6.227390500016845e-05
0.0,6.226803049990685e-05
0.0,6.226083999999876e-05
0.0,6.225996650007485e-05
0.0,6.224898500001042e-05
0.0,6.224457125007179e-05
0.0,6.223314849997439e-05
0.0,6.222294124982063e-05
0.0,6.221714524999106e-05
0.0,6.221662624998739e-05
0.0,6.218690849999696e-05
0.0,6.21843050000163e-05
0.0,6.217284625001893e-05
0.0,6.217059425006215e-05
0.0,6.215849649994525e-05
0.0,6.213030649986141e-05
0.0,6.211688499996177e-05
0.0,6.211205324996197e-05
0.0,6.211200424998227e-05
0.0,6.210889225005423e-05
0.0,6.209604249995817e-05
0.0,6.209104450003621e-05
0.0,6.208970000014355e-05
0.0,6.208659649999994e-05
0.0,6.207209000003448e-05
0.0,6.20702282500289e-05
0.0,6.205188725000299e-05
0.0,6.204910025001313e-05
0.0,6.203173524983172e-05
0.0,6.202282000007078e-05
0.0,6.202064899963374e-05
0.0,6.201167400001856e-05
0.0,6.200943424998061e-05
0.0,6.199309849990004e-05
0.0,6.19860970000621e-05
0.0,6.198572500003254e-05
0.0,6.195871625005268e-05
0.0,6.195732500006122e-05
0.0,6.194622800003187e-05
0.0,6.192025025000529e-05
0.0,6.191569000011711e-05
0.0,6.18849130000114e-05
0.0,6.188314500003646e-05
0.0,6.187882500001393e-05
0.0,6.187784850002585e-05
0.0,6.186773700003442e-05
0.0,6.186600225019606e-05
0.0,6.186483024999233e-05
0.0,6.18644724999999e-05
0.0,6.185921125003089e-05
0.0,6.185389300004956e-05
0.0,6.185191825017617e-05
0.0,6.18444912501189e-05
0.0,6.184289599999547e-05
0.0,6.182122500005642e-05
0.0,6.181787300000915e-05
0.0,6.181608250009542e-05
0.0,6.181006625000676e-05
0.0,6.179889725000417e-05
0.0,6.179312499990586e-05
0.0,6.178849825000424e-05
0.0,6.178341250002192e-05
0.0,6.177359049997996e-05
0.0,6.176159424983762e-05
0.0,6.175896625006058e-05
0.0,6.172925525001053e-05
0.0,6.172417225002268e-05
0.0,6.171908825000467e-05
0.0,6.171801124997386e-05
0.0,6.171728400005159e-05
0.0,6.169779999996042e-05
0.0,6.16886172499687e-05
0.0,6.168832624990674e-05
0.0,6.168782500019538e-05
0.0,6.165149824998178e-05
0.0,6.164682249998803e-05
0.0,6.162499999999022e-05
0.0,6.162331850004714e-05
0.0,6.161578925006008e-05
0.0,6.159099024988314e-05
0.0,6.158739424996578e-05
0.0,6.156821050000251e-05
0.0,6.155202850003668e-05
0.0,6.15476179999612e-05
0.0,6.154737524993551e-05
0.0,6.153644500001084e-05
0.0,6.151829124999923e-05
0.0,6.151641250000479e-05
0.0,6.151525000022942e-05
0.0,6.150937524999964e-05
0.0,6.15056612499831e-05
0.0,6.15014222500314e-05
0.0,6.149511324998484e-05
0.0,6.148659624991774e-05
0.0,6.148220899986286e-05
0.0,6.147922499985277e-05
0.0,6.145502050002553e-05
0.0,6.145320725007348e-05
0.0,6.144207400003319e-05
0.0,6.141772250006504e-05
0.0,6.141608524998074e-05
0.0,6.14115090000378e-05
0.0,6.140548124998395e-05
0.0,6.140189724992215e-05
0.0,6.138160249999942e-05
0.0,6.13640645000082e-05
0.0,6.13624249999898e-05
0.0,6.135802599999314e-05
0.0,6.135224500003529e-05
0.0,6.135137724999583e-05
0.0,6.134331200002995e-05
0.0,6.132007999990193e-05
0.0,6.131879999987406e-05
0.0,6.131765000006284e-05
0.0,6.131572199997373e-05
0.0,6.130788200001312e-05
0.0,6.130044049994652e-05
0.0,6.129833124999234e-05
0.0,6.129791999999109e-05
0.0,6.127937124986785e-05
0.0,6.127329050007984e-05
0.0,6.127078250007145e-05
0.0,6.127009849994614e-05
0.0,6.125212125001876e-05
0.0,6.1239990500033e-05
0.0,6.122064399987877e-05
0.0,6.121646449999915e-05
0.0,6.121239700006427e-05
0.0,6.120746899996156e-05
0.0,6.120671224993452e-05
0.0,6.120590824998714e-05
0.0,6.120409000000259e-05
0.0,6.118723299992646e-05
0.0,6.117622249986066e-05
0.0,6.117102225002123e-05
0.0,6.115560124997756e-05
0.0,6.1153171250007e-05
0.0,6.113308824989452e-05
0.0,6.112304499998272e-05
0.0,6.110250500020108e-05
0.0,6.110022250017485e-05
0.0,6.109798824993561e-05
0.0,6.109147249997633e-05
0.0,6.10866000000518e-05
0.0,6.106458125004435e-05
0.0,6.106345599990123e-05
0.0,6.106329125034218e-05
0.0,6.105471125007898e-05
0.0,6.105327299998845e-05
0.0,6.103812499976609e-05
0.0,6.1030153000016495e-05
0.0,6.102547924999924e-05
0.0,6.1007454500047367e-05
0.0,6.0996285249982824e-05
0.0,6.0973573249999485e-05
0.0,6.0967876000001894e-05
0.0,6.096525649992613e-05
0.0,6.090611124997674e-05
0.0,6.090085800007216e-05
0.0,6.089924824998367e-05
0.0,6.0891887250066444e-05
0.0,6.0889090000012094e-05
0.0,6.0888110500218124e-05
0.0,6.088410249996919e-05
0.0,6.087194324999144e-05
0.0,6.087060850007964e-05
0.0,6.086837125002647e-05
0.0,6.084900224999729e-05
0.0,6.0841271249992596e-05
0.0,6.0833971250012726e-05
0.0,6.0828707249651863e-05
0.0,6.0814138249926214e-05
0.0,6.081183024998752e-05
0.0,6.080914599995061e-05
0.0,6.0792095250018366e-05
0.0,6.0784002499969916e-05
0.0,6.076824424999385e-05
0.0,6.076505000002453e-05
0.0,6.075936325002099e-05
0.0,6.074173849994695e-05
0.0,6.0739320999969155e-05
0.0,6.073870925004913e-05
0.0,6.0733668500024925e-05
0.0,6.0722525000020886e-05
0.0,6.070000500028625e-05
0.0,6.069873999993703e-05
0.0,6.06879662499754e-05
0.0,6.068637625001786e-05
0.0,6.0685872250013854e-05
0.0,6.068362049990855e-05
0.0,6.068196099995956e-05
0.0,6.068118049999491e-05
0.0,6.067912624984558e-05
0.0,6.067751624998176e-05
0.0,6.0670933250003244e-05
0.0,6.0670413249983136e-05
0.0,6.0663729999955516e-05
0.0,6.0661182500016565e-05
0.0,6.0654992500017073e-05
0.0,6.0646278500149064e-05
0.0,6.06362450000809e-05
0.0,6.0542499999910105e-05
0.0,6.054112525002251e-05
0.0,6.0522926500182355e-05
0.0,6.050891924999383e-05
0.0,6.05019330000056e-05
0.0,6.0495618500001326e-05
0.0,6.049216025005718e-05
0.0,6.049000249998352e-05
0.0,6.04808424999664e-05
0.0,6.047633124999698e-05
0.0,6.047357725019991e-05
0.0,6.044332849998613e-05
0.0,6.041426625003096e-05
0.0,6.039467125001692e-05
0.0,6.039082600000665e-05
0.0,6.038003425001602e-05
0.0,6.036776524998564e-05
0.0,6.0366945999820035e-05
0.0,6.0354336249991973e-05
0.0,6.035403424997884e-05
0.0,6.034849600002932e-05
0.0,6.034675724999114e-05
0.0,6.034659249997521e-05
0.0,6.034147025001904e-05
0.0,6.0332960499981245e-05
0.0,6.031845799995532e-05
0.0,6.0307265249954925e-05
0.0,6.029301050006132e-05
0.0,6.028459599997224e-05
0.0,6.0282266499929455e-05
0.0,6.027754500000928e-05
0.0,6.0277154500345195e-05
0.0,6.026380024999498e-05
0.0,6.025656499999557e-05
0.0,6.025418424998442e-05
0.0,6.025357125001185e-05
0.0,6.0247851250026286e-05
0.0,6.024559925000385e-05
0.0,6.0226478500026646e-05
0.0,6.0213132500048206e-05
0.0,6.020057250002031e-05
0.0,6.01976500001119e-05
0.0,6.0187049000078455e-05
0.0,6.016050500001383e-05
0.0,6.015691249996873e-05
0.0,6.015613625000831e-05
0.0,6.014077249997834e-05
0.0,6.0128232249976776e-05
0.0,6.012441850005307e-05
0.0,6.0119704249839744e-05
0.0,6.008172725000276e-05
0.0,6.008130000001452e-05
0.0,6.0077774499924725e-05
0.0,6.007559625002887e-05
0.0,6.0074580249826806e-05
0.0,6.006091400013409e-05
0.0,6.004580124988995e-05
0.0,6.0033894500069304e-05
0.0,6.003362499999704e-05
0.0,6.002077000009443e-05
0.0,6.001426599998003e-05
0.0,6.000526125001357e-05
0.0,6.0004592499993286e-05
0.0,6.000099999998557e-05
0.0,5.999750799986211e-05
0.0,5.999143725003765e-05
0.0,5.9987258500040424e-05
0.0,5.9964654499976165e-05
0.0,5.993702650004251e-05
0.0,5.990725249997444e-05
0.0,5.990137324998609e-05
0.0,5.989596625018161e-05
0.0,5.9892676999927034e-05
0.0,5.988305700002804e-05
0.0,5.988122500007751e-05
0.0,5.9862685249941856e-05
0.0,5.985402624996539e-05
0.0,5.984293624995082e-05
0.0,5.9835444250018485e-05
0.0,5.983315200006181e-05
0.0,5.982415300001372e-05
0.0,5.982169250013702e-05
0.0,5.981976050009201e-05
0.0,5.9816376499984175e-05
0.0,5.981262499994904e-05
0.0,5.981250724986344e-05
0.0,5.979862450007545e-05
0.0,5.97823539999981e-05
0.0,5.9773030249870614e-05
0.0,5.977104525000414e-05
0.0,5.976936249997312e-05
0.0,5.9754250000130424e-05
0.0,5.97532602500028e-05
0.0,5.974913824998022e-05
0.0,5.974178499993956e-05
0.0,5.97367962500406e-05
0.0,5.9722793000015725e-05
0.0,5.971928825000466e-05
0.0,5.97064999998647e-05
0.0,5.970252999978357e-05
0.0,5.970168725007448e-05
0.0,5.9676960249914024e-05
0.0,5.9670364999932124e-05
0.0,5.9668776000028184e-05
0.0,5.965470124990711e-05
0.0,5.962763249999167e-05
0.0,5.962324999998131e-05
0.0,5.961969325000117e-05
0.0,5.961692125016578e-05
0.0,5.960358624989126e-05
0.0,5.959962500009524e-05
0.0,5.959850000020491e-05
0.0,5.9596052000112214e-05
0.0,5.959117299989508e-05
0.0,5.957431624996764e-05
0.0,5.956357250001848e-05
0.0,5.956300625010845e-05
0.0,5.9547361250022874e-05
0.0,5.954205725000905e-05
0.0,5.953585300005326e-05
0.0,5.950906625000826e-05
0.0,5.950613650000062e-05
0.0,5.950344999992803e-05
0.0,5.9503103999879505e-05
0.0,5.949890000001996e-05
0.0,5.948705224995731e-05
0.0,5.9466826249872316e-05
0.0,5.9454040999996824e-05
0.0,5.943985000005001e-05
0.0,5.943518425001989e-05
0.0,5.942292724994412e-05
0.0,5.941635024999529e-05
0.0,5.9413660999941626e-05
0.0,5.9411205249985937e-05
0.0,5.939998424997543e-05
0.0,5.939842499994488e-05
0.0,5.939286250002193e-05
0.0,5.9392336249985067e-05
0.0,5.937949124996448e-05
0.0,5.935805449988502e-05
0.0,5.935695724992937e-05
0.0,5.934139299992467e-05
0.0,5.9337648499966785e-05
0.0,5.933452450002681e-05
0.0,5.9329155249964605e-05
0.0,5.932525000001776e-05
0.0,5.93188000000439e-05
0.0,5.9314432249951945e-05
0.0,5.930756650002439e-05
0.0,5.930392499998572e-05
0.0,5.930213124998353e-05
0.0,5.9296514500123775e-05
0.0,5.9289999999997205e-05
0.0,5.928789850021155e-05
0.0,5.927702500004964e-05
0.0,5.9253366249938685e-05
0.0,5.92500802499806e-05
0.0,5.922192049991855e-05
0.0,5.921796624999222e-05
0.0,5.9210098000002364e-05
0.0,5.9207856500059425e-05
0.0,5.917776324997591e-05
0.0,5.916985999997635e-05
0.0,5.9168964500061144e-05
0.0,5.916659125008228e-05
0.0,5.916209124999959e-05
0.0,5.915808200000459e-05
0.0,5.9156625249964895e-05
0.0,5.915083599995802e-05
0.0,5.9146636249912665e-05
0.0,5.9127556000222254e-05
0.0,5.912634599996303e-05
0.0,5.912204500004149e-05
0.0,5.9120502249996275e-05
0.0,5.910069249998901e-05
0.0,5.9089700000006754e-05
0.0,5.9089176250052126e-05
0.0,5.9082414500029624e-05
0.0,5.907380000001634e-05
0.0,5.906988925007549e-05
0.0,5.906713524995915e-05
0.0,5.905990525001035e-05
0.0,5.904922000014375e-05
0.0,5.904111425010314e-05
0.0,5.900591049987025e-05
0.0,5.900295049999781e-05
0.0,5.900243725008539e-05
0.0,5.899189050001751e-05
0.0,5.898964999998651e-05
0.0,5.898302500000887e-05
0.0,5.897785000001181e-05
0.0,5.8969850000034385e-05
0.0,5.896865224995962e-05
0.0,5.896091525002116e-05
0.0,5.8960077250024165e-05
0.0,5.895548424997353e-05
0.0,5.8943612499962e-05
0.0,5.8939838499976476e-05
0.0,5.893618250001292e-05
0.0,5.893478724996521e-05
0.0,5.8931912499982885e-05
0.0,5.891011425000049e-05
0.0,5.8906250000093226e-05
0.0,5.888327824997824e-05
0.0,5.888171650000172e-05
0.0,5.887759450000659e-05
0.0,5.886389125001713e-05
0.0,5.885568999997586e-05
0.0,5.884103724994474e-05
0.0,5.8835202499845215e-05
0.0,5.8833667999998304e-05
0.0,5.882419825003278e-05
0.0,5.881851624998492e-05
0.0,5.881692924997266e-05
0.0,5.8815081249993426e-05
0.0,5.879611400002326e-05
0.0,5.879086024979964e-05
0.0,5.877772200001988e-05
0.0,5.877576625008028e-05
0.0,5.877334250007498e-05
0.0,5.8758336500093065e-05
0.0,5.8735449999901124e-05
0.0,5.873312725002486e-05
0.0,5.871457450000521e-05
0.0,5.871230500001087e-05
0.0,5.871018500002236e-05
0.0,5.8700538499990676e-05
0.0,5.869870900002358e-05
0.0,5.8692678499951874e-05
0.0,5.8683027249982477e-05
0.0,5.8677254500026556e-05
0.0,5.867230725000371e-05
0.0,5.866938100000005e-05
0.0,5.866521324992989e-05
0.0,5.866070125005771e-05
0.0,5.865232500001416e-05
0.0,5.862691700001073e-05
0.0,5.862195125003326e-05
0.0,5.8615762249958005e-05
0.0,5.861273124999659e-05
0.0,5.86026582499829e-05
0.0,5.8591567249937e-05
0.0,5.855609125001019e-05
0.0,5.8544856499979705e-05
0.0,5.854388799998893e-05
0.0,5.8539258499904624e-05
0.0,5.852704324998517e-05
0.0,5.8515501249999716e-05
0.0,5.8509149000054894e-05
0.0,5.849625624999113e-05
0.0,5.8493552499792e-05
0.0,5.849139124996698e-05
0.0,5.848099400005636e-05
0.0,5.847084124999903e-05
0.0,5.846533324999474e-05
0.0,5.846357800005048e-05
0.0,5.8461650000007724e-05
0.0,5.8445143249999245e-05
0.0,5.844214100000752e-05
0.0,5.843779999998342e-05
0.0,5.843144050000514e-05
0.0,5.842587125000992e-05
0.0,5.8412449999998916e-05
0.0,5.8395955249971096e-05
0.0,5.8391187999991894e-05
0.0,5.838312649987694e-05
0.0,5.837482624995044e-05
0.0,5.837176124998391e-05
0.0,5.836857325000483e-05
0.0,5.8361424999991924e-05
0.0,5.8357982499980174e-05
0.0,5.835476224996633e-05
0.0,5.834631124999274e-05
0.0,5.8337012499866736e-05
0.0,5.83368200000147e-05
0.0,5.8333058499979314e-05
0.0,5.833080250004624e-05
0.0,5.8327350500007584e-05
0.0,5.8324034249979717e-05
0.0,5.832181624999595e-05
0.0,5.8319862499918784e-05
0.0,5.829908499992911e-05
0.0,5.828210524999514e-05
0.0,5.827558599982544e-05
0.0,5.827182499996922e-05
0.0,5.826392125000935e-05
0.0,5.825652125004669e-05
0.0,5.8253295250021744e-05
0.0,5.8243025000175044e-05
0.0,5.823885425000304e-05
0.0,5.823527725002897e-05
0.0,5.820980524997486e-05
0.0,5.820095725003633e-05
0.0,5.8189625000045006e-05
0.0,5.818811124998067e-05
0.0,5.81849119999988e-05
0.0,5.817946625001445e-05
0.0,5.817643924999e-05
0.0,5.817215299999044e-05
0.0,5.8168231250028074e-05
0.0,5.8161956500002325e-05
0.0,5.8152979250004376e-05
0.0,5.8145834000030095e-05
0.0,5.814472049997151e-05
0.0,5.814352325002481e-05
0.0,5.81334452500069e-05
0.0,5.813079424996754e-05
0.0,5.812832499999516e-05
0.0,5.8118922249703e-05
0.0,5.810169999999455e-05
0.0,5.809164999998522e-05
0.0,5.808179449992757e-05
0.0,5.807553049994744e-05
0.0,5.8056794499793146e-05
0.0,5.805354824991565e-05
0.0,5.8047925000047704e-05
0.0,5.799649249997063e-05
0.0,5.798590624997191e-05
0.0,5.7985855249939094e-05
0.0,5.797911624989862e-05
0.0,5.7974274249945044e-05
0.0,5.7965624999963626e-05
0.0,5.795145799999813e-05
0.0,5.7935046500064196e-05
0.0,5.7931477249989756e-05
0.0,5.791785699998329e-05
0.0,5.79163232499594e-05
0.0,5.791482500000151e-05
0.0,5.791283449998831e-05
0.0,5.789947325002186e-05
0.0,5.7887978000051295e-05
0.0,5.7873451250060315e-05
0.0,5.7870355999970585e-05
0.0,5.785902400003463e-05
0.0,5.7856900249895365e-05
0.0,5.785376899997435e-05
0.0,5.78515112501334e-05
0.0,5.7843949250067136e-05
0.0,5.782922099996802e-05
0.0,5.782153225011281e-05
0.0,5.7814934499830884e-05
0.0,5.780822824988603e-05
0.0,5.7805611250020475e-05
0.0,5.7790559250020466e-05
0.0,5.779042899997804e-05
0.0,5.7775962499991324e-05
0.0,5.7754382499989855e-05
0.0,5.7754176999995874e-05
0.0,5.772450124997167e-05
0.0,5.7720649999953164e-05
0.0,5.7718764999981716e-05
0.0,5.7699697250018164e-05
0.0,5.768308899997693e-05
0.0,5.766933249999454e-05
0.0,5.7665094250151586e-05
0.0,5.764537225007728e-05
0.0,5.7643762499987836e-05
0.0,5.7618477250009345e-05
0.0,5.761233724986004e-05
0.0,5.761221300004168e-05
0.0,5.760862825005813e-05
0.0,5.759589125005286e-05
0.0,5.757942625013978e-05
0.0,5.7571303250020535e-05
0.0,5.757066250001083e-05
0.0,5.755451125002318e-05
0.0,5.754999124998376e-05
0.0,5.7549074500091284e-05
0.0,5.7549074500059016e-05
0.0,5.7541617250123176e-05
0.0,5.753995600006892e-05
0.0,5.7535925000009095e-05
0.0,5.752580000001794e-05
0.0,5.752489999998028e-05
0.0,5.7519408499970886e-05
0.0,5.7519402249973825e-05
0.0,5.751021700000777e-05
0.0,5.7502625000014104e-05
0.0,5.7500226250183954e-05
0.0,5.7487293249838556e-05
0.0,5.747852499998314e-05
0.0,5.747643425e-05
0.0,5.747610124995073e-05
0.0,5.746129999995852e-05
0.0,5.7455493250009086e-05
0.0,5.742704649997713e-05
0.0,5.739839449993293e-05
0.0,5.738012125002071e-05
0.0,5.737692425000863e-05
0.0,5.736892249997142e-05
0.0,5.732200000003934e-05
0.0,5.732019049987385e-05
0.0,5.731961049986995e-05
0.0,5.7315657250004187e-05
0.0,5.730236650009324e-05
0.0,5.730037300001312e-05
0.0,5.7299125000217664e-05
0.0,5.7273189249906645e-05
0.0,5.725707325001828e-05
0.0,5.723947925001787e-05
0.0,5.723485199996007e-05
0.0,5.722714624998662e-05
0.0,5.721844850001738e-05
0.0,5.721667225000414e-05
0.0,5.7215845250051795e-05
0.0,5.721482500004328e-05
0.0,5.7212965000013465e-05
0.0,5.720785625003679e-05
0.0,5.7205243249975317e-05
0.0,5.7203856250191614e-05
0.0,5.720222499998693e-05
0.0,5.719250925000524e-05
0.0,5.7192124249956804e-05
0.0,5.718493300000074e-05
0.0,5.717800125004312e-05
0.0,5.71750159998151e-05
0.0,5.716893125002861e-05
0.0,5.7159986499966906e-05
0.0,5.715511249998373e-05
0.0,5.7148648250060635e-05
0.0,5.7131397250031785e-05
0.0,5.713040249999313e-05
0.0,5.7128887250011064e-05
0.0,5.71272912499648e-05
0.0,5.712334824996634e-05
0.0,5.711572925001342e-05
0.0,5.711382724998399e-05
0.0,5.711213249994421e-05
0.0,5.709614424989739e-05
0.0,5.7083572250025275e-05
0.0,5.708037725002312e-05
0.0,5.70756032499846e-05
0.0,5.707084999996412e-05
0.0,5.707084449998361e-05
0.0,5.706294625002856e-05
0.0,5.705203399996945e-05
0.0,5.704585825004011e-05
0.0,5.703697524997097e-05
0.0,5.703645125001599e-05
0.0,5.702455625005917e-05
0.0,5.702128100000769e-05
0.0,5.7015336250130545e-05
0.0,5.701416500003561e-05
0.0,5.7013366250030295e-05
0.0,5.7010268500031424e-05
0.0,5.7004006250008356e-05
0.0,5.7001685000108114e-05
0.0,5.700000124996609e-05
0.0,5.699944999999939e-05
0.0,5.69898512499873e-05
0.0,5.698888325006737e-05
0.0,5.697626499991895e-05
0.0,5.696382325006098e-05
0.0,5.695918849999217e-05
0.0,5.693249725000045e-05
0.0,5.6927681000004576e-05
0.0,5.692597850002021e-05
0.0,5.692491025000304e-05
0.0,5.690706125005037e-05
0.0,5.6906061249880236e-05
0.0,5.686811325005877e-05
0.0,5.686295049991734e-05
0.0,5.6843854250022924e-05
0.0,5.6836217000004096e-05
0.0,5.6811652250149984e-05
0.0,5.680235124996483e-05
0.0,5.67957124999888e-05
0.0,5.6788408999951866e-05
0.0,5.676987325002315e-05
0.0,5.676844899997255e-05
0.0,5.674922500000828e-05
0.0,5.673625000017382e-05
0.0,5.673474499995351e-05
0.0,5.672701849998676e-05
0.0,5.671748049980737e-05
0.0,5.6717266249994646e-05
0.0,5.671232500002644e-05
0.0,5.6711970500021546e-05
0.0,5.670505799995599e-05
0.0,5.6701141250018854e-05
0.0,5.670056650000381e-05
0.0,5.66920125000044e-05
0.0,5.669165199986009e-05
0.0,5.6691558500025744e-05
0.0,5.6689657000001426e-05
0.0,5.668210000003706e-05
0.0,5.667357249995072e-05
0.0,5.6671224999980344e-05
0.0,5.665203699998104e-05
0.0,5.664878124990034e-05
0.0,5.6644537000242296e-05
0.0,5.6641254500215785e-05
0.0,5.663092000005486e-05
0.0,5.662901050002093e-05
0.0,5.656472450005161e-05
0.0,5.6561582499920595e-05
0.0,5.656071199998929e-05
0.0,5.6557746250011933e-05
0.0,5.6543556249914874e-05
0.0,5.653395225003939e-05
0.0,5.6533311250003184e-05
0.0,5.6504878250124996e-05
0.0,5.6500323999984405e-05
0.0,5.6496438499969e-05
0.0,5.648585825004497e-05
0.0,5.647761250001526e-05
0.0,5.646808249999477e-05
0.0,5.646706850004094e-05
0.0,5.646687725001456e-05
0.0,5.6463064999968906e-05
0.0,5.64453912500231e-05
0.0,5.644236249998514e-05
0.0,5.6435703250019115e-05
0.0,5.64321512500123e-05
0.0,5.642024000000072e-05
0.0,5.641923424998964e-05
0.0,5.641454600003139e-05
0.0,5.639818324991266e-05
0.0,5.6391920999874384e-05
0.0,5.639093824998279e-05
0.0,5.6386832500010225e-05
0.0,5.637420999995213e-05
0.0,5.637324099999072e-05
0.0,5.6372722249799317e-05
0.0,5.63697252500125e-05
0.0,5.6361650000034494e-05
0.0,5.635180524998875e-05
0.0,5.632102449994117e-05
0.0,5.632082649999336e-05
0.0,5.63197930000285e-05
0.0,5.6318577999973416e-05
0.0,5.631837249998244e-05
0.0,5.630692849999714e-05
0.0,5.6306851250021684e-05
0.0,5.630623324996947e-05
0.0,5.630036200001693e-05
0.0,5.630002625004905e-05
0.0,5.629664899998487e-05
0.0,5.6293890250029746e-05
0.0,5.629320500000466e-05
0.0,5.627387025000339e-05
0.0,5.6271121250016216e-05
0.0,5.626680999993045e-05
0.0,5.626313125014915e-05
0.0,5.625314424994507e-05
0.0,5.6219962500035116e-05
0.0,5.621124999982075e-05
0.0,5.621049250002795e-05
0.0,5.619640525005995e-05
0.0,5.618492099998316e-05
0.0,5.616803424999113e-05
0.0,5.6157696499996374e-05
0.0,5.6155456249913684e-05
0.0,5.615497225000652e-05
0.0,5.615012500009018e-05
0.0,5.614497125001737e-05
0.0,5.613317224998567e-05
0.0,5.6132676000077005e-05
0.0,5.6121411249974355e-05
0.0,5.6120918500002535e-05
0.0,5.611880900019504e-05
0.0,5.611084999999643e-05
0.0,5.61071022499898e-05
0.0,5.610012499995669e-05
0.0,5.609450050000077e-05
0.0,5.6068025000018656e-05
0.0,5.6052602500027745e-05
0.0,5.6039487999977847e-05
0.0,5.603398450006222e-05
0.0,5.6026124999869385e-05
0.0,5.600162450001713e-05
0.0,5.6000000499997077e-05
0.0,5.596957825001767e-05
0.0,5.595895325001584e-05
0.0,5.595530000002764e-05
0.0,5.59508365000034e-05
0.0,5.59360080001047e-05
0.0,5.592672500001853e-05
0.0,5.592135400000751e-05
0.0,5.5908309249963915e-05
0.0,5.5898808500023074e-05
0.0,5.5859815250157294e-05
0.0,5.585853325001956e-05
0.0,5.583533050000048e-05
0.0,5.5829799999971064e-05
0.0,5.5801799999990965e-05
0.0,5.575976649996344e-05
0.0,5.575836999989585e-05
0.0,5.5755108999858256e-05
0.0,5.575328525003549e-05
0.0,5.575150849995852e-05
0.0,5.575069699996891e-05
0.0,5.57498179999148e-05
0.0,5.5744650000047385e-05
0.0,5.57446249999722e-05
0.0,5.574400524998568e-05
0.0,5.573529025013796e-05
0.0,5.572872500005036e-05
0.0,5.5714788500019525e-05
0.0,5.570756524988111e-05
0.0,5.570243599987753e-05
0.0,5.569637725003608e-05
0.0,5.56932025000136e-05
0.0,5.569262500000407e-05
0.0,5.566843925014687e-05
0.0,5.566594099998823e-05
0.0,5.565278900002094e-05
0.0,5.564721124993651e-05
0.0,5.563760524997618e-05
0.0,5.563062500006588e-05
0.0,5.560821924998048e-05
0.0,5.560152500002194e-05
0.0,5.559506899987317e-05
0.0,5.559369249969253e-05
0.0,5.558930900005514e-05
0.0,5.5582025000104055e-05
0.0,5.5571669000027014e-05
0.0,5.556254500004171e-05
0.0,5.5558080499967334e-05
0.0,5.554798624994067e-05
0.0,5.5542357249991415e-05
0.0,5.552089824985182e-05
0.0,5.5517631250085885e-05
0.0,5.5514439999989654e-05
0.0,5.5499418250038395e-05
0.0,5.549853199998195e-05
0.0,5.549780000001688e-05
0.0,5.549621224997851e-05
0.0,5.549332100000429e-05
0.0,5.5489834249990246e-05
0.0,5.5481425250038524e-05
0.0,5.547835250000844e-05
0.0,5.547593124999891e-05
0.0,5.546935225007285e-05
0.0,5.5460499999984105e-05
0.0,5.543374600001744e-05
0.0,5.543103325003859e-05
0.0,5.542726100002008e-05
0.0,5.542027400000508e-05
0.0,5.5419424000008e-05
0.0,5.540328724996225e-05
0.0,5.5403281249993805e-05
0.0,5.538133225021289e-05
0.0,5.5361562249984405e-05
0.0,5.5355202500030187e-05
0.0,5.535302524997777e-05
0.0,5.5351980500035716e-05
0.0,5.5351585249949705e-05
0.0,5.535051400001109e-05
0.0,5.5348780500159504e-05
0.0,5.534856999992351e-05
0.0,5.5347209999990674e-05
0.0,5.532616024998773e-05
0.0,5.5325124999983105e-05
0.0,5.531293525003575e-05
0.0,5.5306891249996414e-05
0.0,5.529339250006725e-05
0.0,5.527976050000223e-05
0.0,5.527192924998399e-05
0.0,5.527103425014152e-05
0.0,5.524221799984871e-05
0.0,5.524036225006094e-05
0.0,5.5235633000030975e-05
0.0,5.522999224999942e-05
0.0,5.522548999997389e-05
0.0,5.5225320249947404e-05
0.0,5.5224211249956627e-05
0.0,5.521758124997891e-05
0.0,5.52069602500308e-05
0.0,5.520678725000411e-05
0.0,5.5199869250122875e-05
0.0,5.519239324992294e-05
0.0,5.518765625002459e-05
0.0,5.516435025000634e-05
0.0,5.516115125001688e-05
0.0,5.5159116500011425e-05
0.0,5.5147065999961754e-05
0.0,5.5133504000105026e-05
0.0,5.511764000000405e-05
0.0,5.511320524997396e-05
0.0,5.510611825001069e-05
0.0,5.510229299999181e-05
0.0,5.509636325001098e-05
0.0,5.5092664999994504e-05
0.0,5.507936100006949e-05
0.0,5.5078278500039846e-05
0.0,5.5063381000033576e-05
0.0,5.505387400019174e-05
0.0,5.504697250002231e-05
0.0,5.50421009999981e-05
0.0,5.503090924998156e-05
0.0,5.5010118499988634e-05
0.0,5.4999713000051544e-05
0.0,5.4996727249990724e-05
0.0,5.499226225014235e-05
0.0,5.498669700004856e-05
0.0,5.498197225005876e-05
0.0,5.498165824998704e-05
0.0,5.497592199996312e-05
0.0,5.497557925000181e-05
0.0,5.497453624998118e-05
0.0,5.496468049999085e-05
0.0,5.496172449998137e-05
0.0,5.496009050000773e-05
0.0,5.495132424995776e-05
0.0,5.494871224997955e-05
0.0,5.494287824998982e-05
0.0,5.493611299994926e-05
0.0,5.493600650000785e-05
0.0,5.493268249997094e-05
0.0,5.493159424997027e-05
0.0,5.4928180000002696e-05
0.0,5.4923520499799974e-05
0.0,5.492125000001925e-05
0.0,5.491651524969187e-05
0.0,5.4908085249947635e-05
0.0,5.4870697999978124e-05
0.0,5.487057724999709e-05
0.0,5.484948125000129e-05
0.0,5.4845380000212375e-05
0.0,5.484186500008329e-05
0.0,5.483965000008469e-05
0.0,5.483554600002339e-05
0.0,5.4832450000008135e-05
0.0,5.482483849990894e-05
0.0,5.481950625002952e-05
0.0,5.481798124999966e-05
0.0,5.481501250006003e-05
0.0,5.4811325000015724e-05
0.0,5.480703699998342e-05
0.0,5.479464499997803e-05
0.0,5.477026250001953e-05
0.0,5.476812500001125e-05
0.0,5.4767922500030174e-05
0.0,5.476516249999346e-05
0.0,5.476220124964534e-05
0.0,5.475198499992362e-05
0.0,5.47452282499304e-05
0.0,5.471934624998381e-05
0.0,5.4708573249981045e-05
0.0,5.469728225000299e-05
0.0,5.468127050001905e-05
0.0,5.467690450005706e-05
0.0,5.466842125018934e-05
0.0,5.466761725003533e-05
0.0,5.4656196500002474e-05
0.0,5.4653593249956484e-05
0.0,5.462882225008395e-05
0.0,5.4627406250075596e-05
0.0,5.461130425001598e-05
0.0,5.460408999999756e-05
0.0,5.4602500000023843e-05
0.0,5.4598313250050466e-05
0.0,5.4565006249989137e-05
0.0,5.4555709000002644e-05
0.0,5.4547705249988154e-05
0.0,5.4543216249947375e-05
0.0,5.453840724977994e-05
0.0,5.4533124999938414e-05
0.0,5.4530369000041265e-05
0.0,5.448971300009179e-05
0.0,5.448624525007136e-05
0.0,5.447917700003407e-05
0.0,5.446734500003246e-05
0.0,5.4464491249901705e-05
0.0,5.446440624996638e-05
0.0,5.4436690249954665e-05
0.0,5.4429758499884446e-05
0.0,5.442051200007743e-05
0.0,5.442034050011207e-05
0.0,5.4411456250025395e-05
0.0,5.43952592500511e-05
0.0,5.439495125000495e-05
0.0,5.4391237250027283e-05
0.0,5.438968649988698e-05
0.0,5.4387271249965136e-05
0.0,5.4375027250032357e-05
0.0,5.4347450000020096e-05
0.0,5.432584625002268e-05
0.0,5.430930499995682e-05
0.0,5.430649999983757e-05
0.0,5.430395124988539e-05
0.0,5.428817125004604e-05
0.0,5.426221699999743e-05
0.0,5.4259492999931775e-05
0.0,5.425905725000293e-05
0.0,5.423124999997806e-05
0.0,5.421801249997008e-05
0.0,5.4215940499991724e-05
0.0,5.421568824999418e-05
0.0,5.4201721249990415e-05
0.0,5.4193362499843817e-05
0.0,5.419277125002659e-05
0.0,5.4192100000082636e-05
0.0,5.4189050000004915e-05
0.0,5.4181039250025574e-05
0.0,5.4173940249985846e-05
0.0,5.416770124998069e-05
0.0,5.416642849995475e-05
0.0,5.416420524998963e-05
0.0,5.4163820250057285e-05
0.0,5.41575222500333e-05
0.0,5.4140143249952245e-05
0.0,5.413004899996031e-05
0.0,5.4129973250001955e-05
0.0,5.412812500003552e-05
0.0,5.412026524999569e-05
0.0,5.4111138250119954e-05
0.0,5.410165000005864e-05
0.0,5.410000849992838e-05
0.0,5.4087777249986085e-05
0.0,5.408342599997312e-05
0.0,5.4083211250021684e-05
0.0,5.408312424992172e-05
0.0,5.4081379999928875e-05
0.0,5.407624624997184e-05
0.0,5.406813050005367e-05
0.0,5.4062622499836636e-05
0.0,5.406249999990557e-05
0.0,5.402919399999351e-05
0.0,5.399422624994411e-05
0.0,5.3991999999792674e-05
0.0,5.3984932000014555e-05
0.0,5.3978991249998123e-05
0.0,5.39748462498329e-05
0.0,5.3972710250086755e-05
0.0,5.396620450001949e-05
0.0,5.395659724998379e-05
0.0,5.394117625001642e-05
0.0,5.393269925000096e-05
0.0,5.392939625000608e-05
0.0,5.3929303249969276e-05
0.0,5.3913498249985755e-05
0.0,5.390806899995242e-05
0.0,5.390615925003979e-05
0.0,5.390498449996013e-05
0.0,5.3892427250058715e-05
0.0,5.389192525007562e-05
0.0,5.3890606250030985e-05
0.0,5.3881125250030245e-05
0.0,5.387088624994071e-05
0.0,5.386610450002158e-05
0.0,5.3858893249980756e-05
0.0,5.385313525019348e-05
0.0,5.384560624997158e-05
0.0,5.3841492500082087e-05
0.0,5.38411730001208e-05
0.0,5.383689799993573e-05
0.0,5.3834360499950834e-05
0.0,5.382991399999872e-05
0.0,5.3828889250030884e-05
0.0,5.381822124993682e-05
0.0,5.3813778250000036e-05
0.0,5.380676999998138e-05
0.0,5.380338924995005e-05
0.0,5.380291625001046e-05
0.0,5.378844250018651e-05
0.0,5.378675849999807e-05
0.0,5.3776561250005125e-05
0.0,5.3774068499964236e-05
0.0,5.377162499999948e-05
0.0,5.376466249998768e-05
0.0,5.375104100004226e-05
0.0,5.373976400011447e-05
0.0,5.373529999997687e-05
0.0,5.373252625002997e-05
0.0,5.3724687250039175e-05
0.0,5.372232924991475e-05
0.0,5.368441299996227e-05
0.0,5.367650600017708e-05
0.0,5.367475450009982e-05
0.0,5.3669198500059127e-05
0.0,5.365122425008502e-05
0.0,5.364528525007492e-05
0.0,5.36285792499987e-05
0.0,5.36282052499965e-05
0.0,5.362778249999888e-05
0.0,5.3616027250054836e-05
0.0,5.361053624998602e-05
0.0,5.360498650013606e-05
0.0,5.360296824998787e-05
0.0,5.3600422249972416e-05
0.0,5.35980250000078e-05
0.0,5.359551525000399e-05
0.0,5.358495824995262e-05
0.0,5.358124999997995e-05
0.0,5.3571244500030606e-05
0.0,5.354305524996392e-05
0.0,5.354004500003364e-05
0.0,5.353789824999154e-05
0.0,5.351172499995265e-05
0.0,5.3501790249969156e-05
0.0,5.349753124998379e-05
0.0,5.3493592499965755e-05
0.0,5.347534025004482e-05
0.0,5.3475213249969385e-05
0.0,5.3474172249953894e-05
0.0,5.347396825004326e-05
0.0,5.3468302500003925e-05
0.0,5.3462224999977394e-05
0.0,5.345960624987175e-05
0.0,5.3454753999871484e-05
0.0,5.343557649990621e-05
0.0,5.342992525003906e-05
0.0,5.3427143249927574e-05
0.0,5.340180625000505e-05
0.0,5.3395384499963254e-05
0.0,5.336731525003459e-05
0.0,5.3360896250045476e-05
0.0,5.335946050006644e-05
0.0,5.335814800004718e-05
0.0,5.334898724999148e-05
0.0,5.334475600001519e-05
0.0,5.333986224990354e-05
0.0,5.333661800000273e-05
0.0,5.333319849998523e-05
0.0,5.3331122000007585e-05
0.0,5.332748125002476e-05
0.0,5.3317750250002604e-05
0.0,5.331767825000753e-05
0.0,5.3312408500007537e-05
0.0,5.330797599997396e-05
0.0,5.3306900000012444e-05
0.0,5.3297525249992665e-05
0.0,5.328153725002633e-05
0.0,5.327940725002348e-05
0.0,5.327545724999577e-05
0.0,5.32712972499967e-05
0.0,5.326969225000098e-05
0.0,5.325891624996781e-05
0.0,5.325575225003287e-05
0.0,5.325544224999929e-05
0.0,5.325443649999944e-05
0.0,5.3253201249913876e-05
0.0,5.3249242000014616e-05
0.0,5.3226931249996626e-05
0.0,5.322437649996941e-05
0.0,5.322265325003599e-05
0.0,5.322072825011511e-05
0.0,5.321963449999431e-05
0.0,5.321296449999039e-05
0.0,5.320016425000229e-05
0.0,5.3190858500029384e-05
0.0,5.31890392500095e-05
0.0,5.3188584499981896e-05
0.0,5.318127450005771e-05
0.0,5.317260500003157e-05
0.0,5.317193824995533e-05
0.0,5.317064999999963e-05
0.0,5.3160942500042115e-05
0.0,5.3152618250044505e-05
0.0,5.3145699999964826e-05
0.0,5.3130250000053036e-05
0.0,5.311444900002232e-05
0.0,5.311069000003364e-05
0.0,5.3099232250006635e-05
0.0,5.309105225000752e-05
0.0,5.308893199993933e-05
0.0,5.308521724990907e-05
0.0,5.3083956249962765e-05
0.0,5.308382499995745e-05
0.0,5.3072947249993473e-05
0.0,5.307091224998805e-05
0.0,5.3069529999993725e-05
0.0,5.306521625000461e-05
0.0,5.305520650001003e-05
0.0,5.3051469250124927e-05
0.0,5.30418622500337e-05
0.0,5.303791025018872e-05
0.0,5.3024476249981894e-05
0.0,5.302097124999321e-05
0.0,5.301296099998518e-05
0.0,5.300136849997372e-05
0.0,5.3001325249970704e-05
0.0,5.2997181250201026e-05
0.0,5.2991745250350534e-05
0.0,5.297185125001131e-05
0.0,5.296540924997326e-05
0.0,5.294932324998407e-05
0.0,5.2942190499917336e-05
0.0,5.293449850000205e-05
0.0,5.2934466249943756e-05
0.0,5.292863225005127e-05
0.0,5.2927618250005495e-05
0.0,5.2921729999988095e-05
0.0,5.290133125001627e-05
0.0,5.289064649991763e-05
0.0,5.2888025000008505e-05
0.0,5.28804652499755e-05
0.0,5.2874419999958595e-05
0.0,5.28733564999203e-05
0.0,5.287122324999172e-05
0.0,5.2865280000011224e-05
0.0,5.284777450001426e-05
0.0,5.284104499996962e-05
0.0,5.2837266499937186e-05
0.0,5.283242499996547e-05
0.0,5.281142449999065e-05
0.0,5.280934524998263e-05
0.0,5.280837024995373e-05
0.0,5.28052622500315e-05
0.0,5.2784761249979165e-05
0.0,5.278445000000425e-05
0.0,5.276065000010344e-05
0.0,5.2759170499963575e-05
0.0,5.275913450000759e-05
0.0,5.275586124999995e-05
0.0,5.2730740250030495e-05
0.0,5.272016425001052e-05
0.0,5.2697594499981565e-05
0.0,5.269690625002851e-05
0.0,5.269308100001795e-05
0.0,5.269082450002131e-05
0.0,5.2683425000010855e-05
0.0,5.2678798250013364e-05
0.0,5.2673496999959595e-05
0.0,5.2661671250002986e-05
0.0,5.266078224998728e-05
0.0,5.26493112499856e-05
0.0,5.264584624997003e-05
0.0,5.2643724249991784e-05
0.0,5.26206482499949e-05
0.0,5.2618325000074463e-05
0.0,5.261672000004369e-05
0.0,5.261618825002512e-05
0.0,5.2613479999796535e-05
0.0,5.259870324997888e-05
0.0,5.2596573249985874e-05
0.0,5.2593284249869535e-05
0.0,5.2586600000065495e-05
0.0,5.257267824998433e-05
0.0,5.2572434499963526e-05
0.0,5.25649050001992e-05
0.0,5.254838800000791e-05
0.0,5.254249925018841e-05
0.0,5.253679324991867e-05
0.0,5.248279825000877e-05
0.0,5.248032500001209e-05
0.0,5.246130125000339e-05
0.0,5.2451244500020426e-05
0.0,5.243357224997183e-05
0.0,5.243335399997137e-05
0.0,5.242249999993488e-05
0.0,5.2417627249962396e-05
0.0,5.241122099997873e-05
0.0,5.240890000003284e-05
0.0,5.240803299999274e-05
0.0,5.2404969999986205e-05
0.0,5.240351924996287e-05
0.0,5.2401166249843924e-05
0.0,5.238946249993458e-05
0.0,5.238700449995015e-05
0.0,5.2385524999976144e-05
0.0,5.238084999999782e-05
0.0,5.237550625001396e-05
0.0,5.237367200002532e-05
0.0,5.235476900010854e-05
0.0,5.2352752499893414e-05
0.0,5.234962099997401e-05
0.0,5.2348737999812914e-05
0.0,5.233225999997758e-05
0.0,5.23224744999739e-05
0.0,5.2321617999990296e-05
0.0,5.231529224996819e-05
0.0,5.231481425000292e-05
0.0,5.231197925003652e-05
0.0,5.229438925001985e-05
0.0,5.2269176250016464e-05
0.0,5.22644980000087e-05
0.0,5.2262665999982846e-05
0.0,5.225923124999613e-05
0.0,5.225909124993155e-05
0.0,5.2258465250028065e-05
0.0,5.224449699998511e-05
0.0,5.223718824996227e-05
0.0,5.2230973000004846e-05
0.0,5.221884999997493e-05
0.0,5.221784224999559e-05
0.0,5.2217682499882156e-05
0.0,5.220105425004138e-05
0.0,5.219513224998788e-05
0.0,5.218940050002863e-05
0.0,5.218046425000695e-05
0.0,5.21687562500662e-05
0.0,5.2156740250007905e-05
0.0,5.215632500005162e-05
0.0,5.215017825002024e-05
0.0,5.214968200018562e-05
0.0,5.214966325000229e-05
0.0,5.2146009249919046e-05
0.0,5.214038050006887e-05
0.0,5.2140324999980174e-05
0.0,5.2137957250031146e-05
0.0,5.2134606250057804e-05
0.0,5.2128496249790256e-05
0.0,5.212237049997007e-05
0.0,5.212119625002147e-05
0.0,5.2108166500060236e-05
0.0,5.210750449996385e-05
0.0,5.210712249996569e-05
0.0,5.209232499998438e-05
0.0,5.207499650001388e-05
0.0,5.2066056500017216e-05
0.0,5.2063801249987846e-05
0.0,5.206163625011771e-05
0.0,5.205651249995479e-05
0.0,5.205242249999811e-05
0.0,5.204621650002972e-05
0.0,5.203229125002655e-05
0.0,5.2031371249974316e-05
0.0,5.202153624998948e-05
0.0,5.2007512999978e-05
0.0,5.1999264999993616e-05
0.0,5.1994890250015834e-05
0.0,5.199224200009614e-05
0.0,5.197644999998407e-05
0.0,5.1960606500070446e-05
0.0,5.195104324989077e-05
0.0,5.18886849999924e-05
0.0,5.186707999984061e-05
0.0,5.186576025001409e-05
0.0,5.1860092499964795e-05
0.0,5.1840411250002346e-05
0.0,5.184027049996426e-05
0.0,5.183651525000172e-05
0.0,5.179476649996964e-05
0.0,5.178983050010642e-05
0.0,5.17743425000128e-05
0.0,5.177115850000445e-05
0.0,5.1761640249979615e-05
0.0,5.175286100002009e-05
0.0,5.17463112499183e-05
0.0,5.172932499997633e-05
0.0,5.172325425014249e-05
0.0,5.171696825002237e-05
0.0,5.171149599996218e-05
0.0,5.1700006249948235e-05
0.0,5.169635524994754e-05
0.0,5.16894912500326e-05
0.0,5.168265125000487e-05
0.0,5.1677536250056445e-05
0.0,5.1669004500007933e-05
0.0,5.1668421249991006e-05
0.0,5.165992824996085e-05
0.0,5.165359250003222e-05
0.0,5.165298125002631e-05
0.0,5.164975125004456e-05
0.0,5.163728000004209e-05
0.0,5.163645624999644e-05
0.0,5.1635650249943255e-05
0.0,5.1633112249983754e-05
0.0,5.1626249999996775e-05
0.0,5.1608230249984184e-05
0.0,5.1586637000024875e-05
0.0,5.157540650003363e-05
0.0,5.157441124997275e-05
0.0,5.1573282500054805e-05
0.0,5.1563478249967177e-05
0.0,5.155689650002422e-05
0.0,5.1551997249934685e-05
0.0,5.1539250500033066e-05
0.0,5.1537999999990845e-05
0.0,5.151776500001329e-05
0.0,5.150445050000263e-05
0.0,5.15001212499324e-05
0.0,5.1492514250208275e-05
0.0,5.149116250006181e-05
0.0,5.147803299999766e-05
0.0,5.1467264499963334e-05
0.0,5.144754500004375e-05
0.0,5.142425624994603e-05
0.0,5.1416226249990494e-05
0.0,5.140345999999999e-05
0.0,5.139565624996266e-05
0.0,5.139238249999332e-05
0.0,5.139209924993186e-05
0.0,5.139069325001259e-05
0.0,5.138969449999051e-05
0.0,5.1386873000008674e-05
0.0,5.138662850001917e-05
0.0,5.137131049988026e-05
0.0,5.137090899993417e-05
0.0,5.136987824994105e-05
0.0,5.135870125001632e-05
0.0,5.135436499997157e-05
0.0,5.134723225002045e-05
0.0,5.1335497249838644e-05
0.0,5.133533600002715e-05
0.0,5.132191025006588e-05
0.0,5.132028424988855e-05
0.0,5.131624999999782e-05
0.0,5.130512499997886e-05
0.0,5.130100624993887e-05
0.0,5.129936224997164e-05
0.0,5.129468525003338e-05
0.0,5.128879325001724e-05
0.0,5.128858024999714e-05
0.0,5.1288556500017015e-05
0.0,5.128185624998525e-05
0.0,5.127997624994963e-05
0.0,5.127884425017009e-05
0.0,5.126475924993914e-05
0.0,5.1249014499812094e-05
0.0,5.1248938499995086e-05
0.0,5.123815700001119e-05
0.0,5.122480450011098e-05
0.0,5.1213252500062795e-05
0.0,5.1207733249980156e-05
0.0,5.120672625005656e-05
0.0,5.1198849999986256e-05
0.0,5.1188554250033556e-05
0.0,5.1181650000095764e-05
0.0,5.117410450006204e-05
0.0,5.117206249984921e-05
0.0,5.117110524987326e-05
0.0,5.116716024999067e-05
0.0,5.116545124993281e-05
0.0,5.115625999992133e-05
0.0,5.114760324997131e-05
0.0,5.1146649250040125e-05
0.0,5.112820025001874e-05
0.0,5.11235845000678e-05
0.0,5.1110936500092654e-05
0.0,5.107845125005336e-05
0.0,5.107680250017126e-05
0.0,5.1071972500021253e-05
0.0,5.106279424989965e-05
0.0,5.104113624999593e-05
0.0,5.1040788500038726e-05
0.0,5.101872424997242e-05
0.0,5.1012199249984546e-05
0.0,5.1005076250046625e-05
0.0,5.099231700003539e-05
0.0,5.097926924998682e-05
0.0,5.097124824991908e-05
0.0,5.0966105000031815e-05
0.0,5.096464224998408e-05
0.0,5.096385125001127e-05
0.0,5.0963024499855886e-05
0.0,5.095093925006276e-05
0.0,5.093845824998926e-05
0.0,5.0935904500057216e-05
0.0,5.092208650003999e-05
0.0,5.091740424987117e-05
0.0,5.089646725001288e-05
0.0,5.088254225008863e-05
0.0,5.08818085000011e-05
0.0,5.085829224992179e-05
0.0,5.0844125000000906e-05
0.0,5.0836432249989815e-05
0.0,5.0823940000048846e-05
0.0,5.0819655999894924e-05
0.0,5.08118412498491e-05
0.0,5.080918625002092e-05
0.0,5.0807794500009744e-05
0.0,5.078564499998767e-05
0.0,5.077711250001132e-05
0.0,5.07690124998951e-05
0.0,5.076113124995053e-05
0.0,5.075381425002091e-05
0.0,5.071576850000328e-05
0.0,5.0711146249921654e-05
0.0,5.07079812498141e-05
0.0,5.070261050000255e-05
0.0,5.0675562499993414e-05
0.0,5.0671069000001896e-05
0.0,5.066281025010309e-05
0.0,5.064171125013976e-05
0.0,5.063183225001296e-05
0.0,5.062733124995977e-05
0.0,5.062067524998082e-05
0.0,5.0615885000019885e-05
0.0,5.0611513999964214e-05
0.0,5.061082050001598e-05
0.0,5.059995524997953e-05
0.0,5.058378624998438e-05
0.0,5.057650599998146e-05
0.0,5.056054450003858e-05
0.0,5.055564999999061e-05
0.0,5.054280425032536e-05
0.0,5.0541849999977734e-05
0.0,5.0526441249923986e-05
0.0,5.0525977000046845e-05
0.0,5.052349700011176e-05
0.0,5.0517058250005e-05
0.0,5.050956425003191e-05
0.0,5.050837325004644e-05
0.0,5.050108899997048e-05
0.0,5.0496402500093285e-05
0.0,5.0488886499987535e-05
0.0,5.048793624999222e-05
0.0,5.047434100001213e-05
0.0,5.0468971249947945e-05
0.0,5.046437925000057e-05
0.0,5.046342499998699e-05
0.0,5.046035299970746e-05
0.0,5.045252500001641e-05
0.0,5.044641249992953e-05
0.0,5.044422500001797e-05
0.0,5.044262900002116e-05
0.0,5.044212500000665e-05
0.0,5.04308702500663e-05
0.0,5.0425923249931116e-05
0.0,5.041064425003548e-05
0.0,5.040849324998186e-05
0.0,5.039583700005315e-05
0.0,5.038842925012601e-05
0.0,5.037558249999651e-05
0.0,5.037376999995236e-05
0.0,5.0371880500027174e-05
0.0,5.037103025004338e-05
0.0,5.036072499998848e-05
0.0,5.0326753249969234e-05
0.0,5.030310024991054e-05
0.0,5.0297899250066646e-05
0.0,5.0289726249970744e-05
0.0,5.028213250004367e-05
0.0,5.0270681249985384e-05
0.0,5.02631544999807e-05
0.0,5.025493524997993e-05
0.0,5.025478249998595e-05
0.0,5.024382425002834e-05
0.0,5.0240832499961776e-05
0.0,5.023060250004031e-05
0.0,5.021728925002794e-05
0.0,5.020978624998652e-05
0.0,5.0209194500007964e-05
0.0,5.020762500002685e-05
0.0,5.020465924994998e-05
0.0,5.019466000001289e-05
0.0,5.019274249999297e-05
0.0,5.0187867249991316e-05
0.0,5.016931625000101e-05
0.0,5.016366899998138e-05
0.0,5.014943050001863e-05
0.0,5.010605000006927e-05
0.0,5.008409825001377e-05
0.0,5.008161325007805e-05
0.0,5.007510224996934e-05
0.0,5.006935249995191e-05
0.0,5.005746249991613e-05
0.0,5.0048272000006075e-05
0.0,5.003839850005229e-05
0.0,5.003803324996231e-05
0.0,5.002931700000598e-05
0.0,5.002772000000805e-05
0.0,5.001532325001567e-05
0.0,5.001435700000201e-05
0.0,5.001401250000014e-05
0.0,5.000441000000576e-05
0.0,4.999310124997256e-05
0.0,4.9985764999919636e-05
0.0,4.997599324997775e-05
0.0,4.997194624987806e-05
0.0,4.9965967999891866e-05
0.0,4.994870500003776e-05
0.0,4.99445410000088e-05
0.0,4.994284999998972e-05
0.0,4.9940890250143094e-05
0.0,4.991445000001095e-05
0.0,4.9910665000000556e-05
0.0,4.991062900008432e-05
0.0,4.990487200000811e-05
0.0,4.9900516249948044e-05
0.0,4.988841925003224e-05
0.0,4.988669824995524e-05
0.0,4.98663144998284e-05
0.0,4.9843740499982286e-05
0.0,4.98412125000558e-05
0.0,4.9823356249987586e-05
0.0,4.982129324997758e-05
0.0,4.981547125000364e-05
0.0,4.9813590499972615e-05
0.0,4.980730024998718e-05
0.0,4.980619250003996e-05
0.0,4.9801690000045097e-05
0.0,4.979309525004321e-05
0.0,4.9788908999963074e-05
0.0,4.976235125007319e-05
0.0,4.975621249998582e-05
0.0,4.971204999999721e-05
0.0,4.9685691249972324e-05
0.0,4.967258499996006e-05
0.0,4.964600049986141e-05
0.0,4.964176400003637e-05
0.0,4.963682249999669e-05
0.0,4.962893649998367e-05
0.0,4.96276249999929e-05
0.0,4.961535525000226e-05
0.0,4.9610112499897345e-05
0.0,4.960387399999962e-05
0.0,4.95894499999289e-05
0.0,4.9588051249997275e-05
0.0,4.9560831999978407e-05
0.0,4.9559445000036715e-05
0.0,4.954494725003273e-05
0.0,4.954150125015158e-05
0.0,4.954045924987973e-05
0.0,4.95255400000169e-05
0.0,4.951917924997218e-05
0.0,4.951878625001473e-05
0.0,4.95014889999686e-05
0.0,4.9496841249991965e-05
0.0,4.948852850000667e-05
0.0,4.9471720999993725e-05
0.0,4.947079999967258e-05
0.0,4.947013250019351e-05
0.0,4.9468922000089775e-05
0.0,4.9463842250027186e-05
0.0,4.945562500004326e-05
0.0,4.9452065000009756e-05
0.0,4.944792125010423e-05
0.0,4.944508025014545e-05
0.0,4.944085699998587e-05
0.0,4.943445700008096e-05
0.0,4.942628000000895e-05
0.0,4.94196372500702e-05
0.0,4.9411740500013025e-05
0.0,4.940708824987344e-05
0.0,4.939912899986328e-05
0.0,4.939169799985361e-05
0.0,4.937363824992896e-05
0.0,4.9362421000099615e-05
0.0,4.935598450002469e-05
0.0,4.9348268999978016e-05
0.0,4.93328822500042e-05
0.0,4.9332661249875976e-05
0.0,4.9327557250008436e-05
0.0,4.932351449996614e-05
0.0,4.9322056250011566e-05
0.0,4.93183152499711e-05
0.0,4.931687725006055e-05
0.0,4.930576249992171e-05
0.0,4.930352224993019e-05
0.0,4.930265124999342e-05
0.0,4.929228500001057e-05
0.0,4.92903312499174e-05
0.0,4.928592125016971e-05
0.0,4.9272326500034e-05
0.0,4.927182499995653e-05
0.0,4.9271676250010366e-05
0.0,4.9270585999897296e-05
0.0,4.9266898249876565e-05
0.0,4.9247811999986406e-05
0.0,4.923982849999845e-05
0.0,4.92393785000027e-05
0.0,4.922943999998672e-05
0.0,4.922311399996027e-05
0.0,4.920046850001863e-05
0.0,4.919802499999308e-05
0.0,4.919167250000138e-05
0.0,4.917601000000404e-05
0.0,4.916273224986243e-05
0.0,4.915306625000523e-05
0.0,4.9146469249896664e-05
0.0,4.914622925001203e-05
0.0,4.9122493250063754e-05
0.0,4.912064050000468e-05
0.0,4.912025000003208e-05
0.0,4.911505625008964e-05
0.0,4.9104009999965824e-05
0.0,4.9097362500083764e-05
0.0,4.908025250004871e-05
0.0,4.907273124990639e-05
0.0,4.9072204249965974e-05
0.0,4.9049824499945833e-05
0.0,4.90417062499738e-05
0.0,4.9038925000015806e-05
0.0,4.903863624998571e-05
0.0,4.9025288000156884e-05
0.0,4.901685324999664e-05
0.0,4.899796424998494e-05
0.0,4.898819299996781e-05
0.0,4.8980121249967154e-05
0.0,4.896722500005347e-05
0.0,4.896020449996211e-05
0.0,4.894824999984814e-05
0.0,4.894749724998577e-05
0.0,4.8921121250028045e-05
0.0,4.891344999993717e-05
0.0,4.8904533249999676e-05
0.0,4.888591324997798e-05
0.0,4.886732450001348e-05
0.0,4.8858316250016936e-05
0.0,4.8828124999892084e-05
0.0,4.8826626500100106e-05
0.0,4.882379300017269e-05
0.0,4.882188999998273e-05
0.0,4.8808123249963245e-05
0.0,4.8807110499822165e-05
0.0,4.8806804000000026e-05
0.0,4.879808049998574e-05
0.0,4.8797106499872656e-05
0.0,4.876673125013475e-05
0.0,4.8761525000035954e-05
0.0,4.8760605000043865e-05
0.0,4.875993124987919e-05
0.0,4.875611424994975e-05
0.0,4.875286449994021e-05
0.0,4.873860625014989e-05
0.0,4.873731850017053e-05
0.0,4.872144325012043e-05
0.0,4.871352024999882e-05
0.0,4.8706237000036584e-05
0.0,4.867236024998384e-05
0.0,4.8657748250038784e-05
0.0,4.8652356999969755e-05
0.0,4.865124999995912e-05
0.0,4.864704999998065e-05
0.0,4.863146625001181e-05
0.0,4.861836249999425e-05
0.0,4.8601828249983224e-05
0.0,4.8600556250017316e-05
0.0,4.859462499999355e-05
0.0,4.857395725001562e-05
0.0,4.8569492250037026e-05
0.0,4.8551514249973784e-05
0.0,4.85335962499339e-05
0.0,4.85164812499692e-05
0.0,4.8483125000046375e-05
0.0,4.847101024998932e-05
0.0,4.846720825002719e-05
0.0,4.8454165249869704e-05
0.0,4.844508099999184e-05
0.0,4.844396499980779e-05
0.0,4.841645425000921e-05
0.0,4.840565424997807e-05
0.0,4.840186325005145e-05
0.0,4.839155425002369e-05
0.0,4.838891624995454e-05
0.0,4.837470799997354e-05
0.0,4.8372777000111235e-05
0.0,4.836626600002064e-05
0.0,4.836162500002879e-05
0.0,4.83589685000368e-05
0.0,4.8329607249966204e-05
0.0,4.832830824998364e-05
0.0,4.831526799996853e-05
0.0,4.83064562499721e-05
0.0,4.8292537000013065e-05
0.0,4.827620125003567e-05
0.0,4.827488724997276e-05
0.0,4.827240324997073e-05
0.0,4.825794100000282e-05
0.0,4.8256524999985475e-05
0.0,4.8252929000005746e-05
0.0,4.824050725000887e-05
0.0,4.8235380999958154e-05
0.0,4.8211024999995824e-05
0.0,4.820455450001599e-05
0.0,4.819830625011201e-05
0.0,4.818590799999861e-05
0.0,4.816666099992931e-05
0.0,4.815999250001016e-05
0.0,4.815827424993829e-05
0.0,4.8153057250007785e-05
0.0,4.814955625003311e-05
0.0,4.8148944499955853e-05
0.0,4.814815524998715e-05
0.0,4.814533249995597e-05
0.0,4.8137505999950656e-05
0.0,4.8123510500030866e-05
0.0,4.8120458499742344e-05
0.0,4.8105997249980234e-05
0.0,4.810442600027542e-05
0.0,4.809334399996945e-05
0.0,4.808661124999073e-05
0.0,4.806559699999623e-05
0.0,4.8063766249965256e-05
0.0,4.804902324997607e-05
0.0,4.804694900002067e-05
0.0,4.804671624997772e-05
0.0,4.804277650018281e-05
0.0,4.803989124992745e-05
0.0,4.803270250016417e-05
0.0,4.8029118249990024e-05
0.0,4.800462625000767e-05
0.0,4.800340100000758e-05
0.0,4.79989250000016e-05
0.0,4.797544825002263e-05
0.0,4.7967916249983366e-05
0.0,4.79622305000177e-05
0.0,4.795743125000191e-05
0.0,4.795332925001581e-05
0.0,4.794857000014205e-05
0.0,4.7939728999969104e-05
0.0,4.793486449989046e-05
0.0,4.7917299250058377e-05
0.0,4.7913861249955766e-05
0.0,4.7909331999978905e-05
0.0,4.7908826500049284e-05
0.0,4.7902836250013995e-05
0.0,4.78933920000281e-05
0.0,4.788480925003034e-05
0.0,4.787797225006071e-05
0.0,4.787601299997358e-05
0.0,4.786428125009105e-05
0.0,4.78592529999843e-05
0.0,4.785891725013727e-05
0.0,4.784954224996815e-05
0.0,4.784729225004993e-05
0.0,4.783173624999143e-05
0.0,4.78278612499124e-05
0.0,4.781312650008973e-05
0.0,4.780442525005436e-05
0.0,4.780198024992907e-05
0.0,4.778075424988348e-05
0.0,4.77786712498514e-05
0.0,4.776114599998546e-05
0.0,4.7760286249945625e-05
0.0,4.774074099995389e-05
0.0,4.773630025002351e-05
0.0,4.7708082499988535e-05
0.0,4.770234650003604e-05
0.0,4.76977802500295e-05
0.0,4.768624999994618e-05
0.0,4.76784642500308e-05
0.0,4.766120124997763e-05
0.0,4.763575624997741e-05
0.0,4.7634410000038e-05
0.0,4.763418849995693e-05
0.0,4.7627444500008046e-05
0.0,4.762441999994478e-05
0.0,4.761278124998447e-05
0.0,4.7596778499959494e-05
0.0,4.7593578499990414e-05
0.0,4.7580361250075964e-05
0.0,4.7572020500024304e-05
0.0,4.756884925002968e-05
0.0,4.756392649996952e-05
0.0,4.756180999994698e-05
0.0,4.756171600006992e-05
0.0,4.755725000004949e-05
0.0,4.755200124998058e-05
0.0,4.753510100013496e-05
0.0,4.753268725000969e-05
0.0,4.751868925003539e-05
0.0,4.7501287999998285e-05
0.0,4.749978249980799e-05
0.0,4.749760249996272e-05
0.0,4.749594925003095e-05
0.0,4.746812500001238e-05
0.0,4.7466420500007464e-05
0.0,4.7451208499996514e-05
0.0,4.744360000000633e-05
0.0,4.743982899998207e-05
0.0,4.743212499999777e-05
0.0,4.743027249989858e-05
0.0,4.742276125002333e-05
0.0,4.7422144249953346e-05
0.0,4.742045800000385e-05
0.0,4.741225850000483e-05
0.0,4.738134600001154e-05
0.0,4.737829850000766e-05
0.0,4.7375886500068475e-05
0.0,4.736433649997629e-05
0.0,4.734720124997828e-05
0.0,4.733715325005468e-05
0.0,4.733598499998091e-05
0.0,4.733431700000803e-05
0.0,4.7324497999981486e-05
0.0,4.7323814499993595e-05
0.0,4.7318449999991077e-05
0.0,4.7310941250041436e-05
0.0,4.729967125000974e-05
0.0,4.727164499985856e-05
0.0,4.726287650012023e-05
0.0,4.7256421250010605e-05
0.0,4.725381249998508e-05
0.0,4.7251948249948776e-05
0.0,4.7249563250053614e-05
0.0,4.724394625014204e-05
0.0,4.7241488500015135e-05
0.0,4.7227014249999035e-05
0.0,4.72156250000315e-05
0.0,4.721267199998726e-05
0.0,4.720531249998667e-05
0.0,4.719063050000736e-05
0.0,4.717202500005519e-05
0.0,4.7171517250036605e-05
0.0,4.7170817999996e-05
0.0,4.7169802250008214e-05
0.0,4.7166660499942434e-05
0.0,4.715806625006273e-05
0.0,4.715596925001039e-05
0.0,4.7135574249999625e-05
0.0,4.710879024995751e-05
0.0,4.709930600001116e-05
0.0,4.709841999995897e-05
0.0,4.709439999989031e-05
0.0,4.709022500004465e-05
0.0,4.707619599999758e-05
0.0,4.707578024997945e-05
0.0,4.70757125000917e-05
0.0,4.7075601250001154e-05
0.0,4.707036200001599e-05
0.0,4.7063828499992156e-05
0.0,4.7054595249991544e-05
0.0,4.704258100000856e-05
0.0,4.7040786000037575e-05
0.0,4.702569425008875e-05
0.0,4.6989306250037964e-05
0.0,4.696308499984446e-05
0.0,4.6962212499971194e-05
0.0,4.6940342500004975e-05
0.0,4.6935810499923304e-05
0.0,4.693329999998116e-05
0.0,4.6915657999978574e-05
0.0,4.690496925001014e-05
0.0,4.690056125002271e-05
0.0,4.6894850500170645e-05
0.0,4.688144499998239e-05
0.0,4.687903924998431e-05
0.0,4.6865529999987575e-05
0.0,4.686548450002542e-05
0.0,4.686514225001323e-05
0.0,4.68469299999706e-05
0.0,4.6831968999984296e-05
0.0,4.6816806500034244e-05
0.0,4.681443625001843e-05
0.0,4.68081192500206e-05
0.0,4.6802184999996425e-05
0.0,4.68016900000071e-05
0.0,4.6800392500044875e-05
0.0,4.6799449999951477e-05
0.0,4.678885000001118e-05
0.0,4.673146400001874e-05
0.0,4.673089999999785e-05
0.0,4.6722050000171596e-05
0.0,4.671762524997466e-05
0.0,4.6717381249978134e-05
0.0,4.6698886250006236e-05
0.0,4.66955410000025e-05
0.0,4.669518399995284e-05
0.0,4.668435224992426e-05
0.0,4.668381250000201e-05
0.0,4.668318499999304e-05
0.0,4.667397125004655e-05
0.0,4.664817250002653e-05
0.0,4.6622324499908405e-05
0.0,4.661942650003395e-05
0.0,4.6611504249969164e-05
0.0,4.65991250003123e-05
0.0,4.658544425000338e-05
0.0,4.6582633249994145e-05
0.0,4.6575720249961574e-05
0.0,4.657332500003213e-05
0.0,4.656742624999753e-05
0.0,4.656725000011247e-05
0.0,4.6558482500046445e-05
0.0,4.655763649997593e-05
0.0,4.6530768249985157e-05
0.0,4.6528249999980894e-05
0.0,4.652344825005135e-05
0.0,4.651310499997378e-05
0.0,4.651142499982632e-05
0.0,4.6509229000021255e-05
0.0,4.649913650001379e-05
0.0,4.648324900003044e-05
0.0,4.647841250005051e-05
0.0,4.647804625004791e-05
0.0,4.647711250000996e-05
0.0,4.646803625001016e-05
0.0,4.6458504250030546e-05
0.0,4.6449787249990866e-05
0.0,4.6445140999950465e-05
0.0,4.644358525003274e-05
0.0,4.6429728499967645e-05
0.0,4.642290249996846e-05
0.0,4.642173124994178e-05
0.0,4.642027525001461e-05
0.0,4.640993824998909e-05
0.0,4.6391977249696086e-05
0.0,4.6370923249979694e-05
0.0,4.63632064999872e-05
0.0,4.636301000005534e-05
0.0,4.6360502499999784e-05
0.0,4.6356963999992965e-05
0.0,4.634683825002301e-05
0.0,4.632598125003493e-05
0.0,4.632377599994477e-05
0.0,4.632366400001977e-05
0.0,4.6312506249955e-05
0.0,4.6312321249996493e-05
0.0,4.630945224987491e-05
0.0,4.630892499999673e-05
0.0,4.6289356250085614e-05
0.0,4.626543124999671e-05
0.0,4.6256671250008606e-05
0.0,4.625455299997931e-05
0.0,4.622052200001957e-05
0.0,4.6203115249984826e-05
0.0,4.616960824996689e-05
0.0,4.616197199986413e-05
0.0,4.6161396500009794e-05
0.0,4.6157689250030055e-05
0.0,4.6152949000024825e-05
0.0,4.615022449970597e-05
0.0,4.6150025000000697e-05
0.0,4.614651200002868e-05
0.0,4.6145832499955467e-05
0.0,4.6139602500042404e-05
0.0,4.613550324999984e-05
0.0,4.613241125001326e-05
0.0,4.611863425001493e-05
0.0,4.6114669249997786e-05
0.0,4.61140332499832e-05
0.0,4.610965000007003e-05
0.0,4.610962249992346e-05
0.0,4.610172999998017e-05
0.0,4.609863024999566e-05
0.0,4.6097247250213267e-05
0.0,4.60723880000327e-05
0.0,4.606759399994051e-05
0.0,4.6065322250003605e-05
0.0,4.6058271249990905e-05
0.0,4.6030944999998756e-05
0.0,4.601781424997337e-05
0.0,4.601590850015672e-05
0.0,4.5979794249989496e-05
0.0,4.5977978500067536e-05
0.0,4.5976345999988265e-05
0.0,4.5971668999990995e-05
0.0,4.5963690499980985e-05
0.0,4.596178724999713e-05
0.0,4.59528569999776e-05
0.0,4.594237850003721e-05
0.0,4.594046500017092e-05
0.0,4.5937555249980154e-05
0.0,4.5931002500016e-05
0.0,4.591844724996527e-05
0.0,4.590238899996632e-05
0.0,4.590011424972546e-05
0.0,4.589247325030338e-05
0.0,4.588111124999856e-05
0.0,4.586490325003093e-05
0.0,4.586280400001196e-05
0.0,4.586032899995655e-05
0.0,4.5859104250050374e-05
0.0,4.5846238500017215e-05
0.0,4.584217449999201e-05
0.0,4.5824125000004624e-05
0.0,4.578536424988962e-05
0.0,4.5784296999926233e-05
0.0,4.578276250001251e-05
0.0,4.578199524992733e-05
0.0,4.577972500001197e-05
0.0,4.576239650020733e-05
0.0,4.574463124994268e-05
0.0,4.574402899999758e-05
0.0,4.5741260500032035e-05
0.0,4.5740271249998624e-05
0.0,4.573305325003905e-05
0.0,4.573241724996047e-05
0.0,4.571774225004509e-05
0.0,4.571479824981951e-05
0.0,4.570904200000066e-05
0.0,4.570862499997926e-05
0.0,4.570676525018563e-05
0.0,4.5693493000002934e-05
0.0,4.567969299997894e-05
0.0,4.562900224997877e-05
0.0,4.5621631249999316e-05
0.0,4.5617124999969164e-05
0.0,4.5595586500107526e-05
0.0,4.558460424996772e-05
0.0,4.5576130499963346e-05
0.0,4.557198499983222e-05
0.0,4.5539552499967596e-05
0.0,4.553574424992776e-05
0.0,4.552160424998208e-05
0.0,4.551620450000569e-05
0.0,4.550729624996811e-05
0.0,4.550626250002414e-05
0.0,4.549411025001515e-05
0.0,4.548780125000564e-05
0.0,4.545852025000697e-05
0.0,4.5457128250043e-05
0.0,4.542232499999811e-05
0.0,4.541800325004323e-05
0.0,4.5416124999997075e-05
0.0,4.541142049997088e-05
0.0,4.54095225000235e-05
0.0,4.540930425011985e-05
0.0,4.540440050001336e-05
0.0,4.539016000007579e-05
0.0,4.537852024973161e-05
0.0,4.5377661250075525e-05
0.0,4.5374913000025317e-05
0.0,4.537329624995785e-05
0.0,4.5365850000035394e-05
0.0,4.5357874249987365e-05
0.0,4.533365000005523e-05
0.0,4.533333249987337e-05
0.0,4.533028000004644e-05
0.0,4.532475250002854e-05
0.0,4.53125182500153e-05
0.0,4.529165000001231e-05
0.0,4.5286171249887175e-05
0.0,4.528605850004317e-05
0.0,4.527011599993195e-05
0.0,4.525569049998715e-05
0.0,4.525024999998801e-05
0.0,4.5244451250013e-05
0.0,4.523910625005755e-05
0.0,4.522522625006527e-05
0.0,4.521262049996276e-05
0.0,4.521130000001796e-05
0.0,4.5203866250040057e-05
0.0,4.520243250015906e-05
0.0,4.518362500021603e-05
0.0,4.51756422498791e-05
0.0,4.5170931250095513e-05
0.0,4.515645125001614e-05
0.0,4.514549000000767e-05
0.0,4.5136672999982365e-05
0.0,4.512759725011013e-05
0.0,4.512012499999639e-05
0.0,4.511153724996816e-05
0.0,4.5109940000032434e-05
0.0,4.5101323249973915e-05
0.0,4.507632999997724e-05
0.0,4.506335524996808e-05
0.0,4.50479952500102e-05
0.0,4.5045137250022565e-05
0.0,4.504193124994962e-05
0.0,4.50264205000151e-05
0.0,4.5017492500020136e-05
0.0,4.501462499990622e-05
0.0,4.500612499987492e-05
0.0,4.499796250001764e-05
0.0,4.49978500000172e-05
0.0,4.498263724995934e-05
0.0,4.49747145000372e-05
0.0,4.496209250006732e-05
0.0,4.495312100015036e-05
0.0,4.49522090000364e-05
0.0,4.493018925001181e-05
0.0,4.490102500002908e-05
0.0,4.489150099998248e-05
0.0,4.487680924996379e-05
0.0,4.487173699996908e-05
0.0,4.4849491250044804e-05
0.0,4.482328500003134e-05
0.0,4.482241249997091e-05
0.0,4.4818985250107e-05
0.0,4.481630600001073e-05
0.0,4.4800249999972314e-05
0.0,4.479767125007825e-05
0.0,4.4793927249982617e-05
0.0,4.4779357249988225e-05
0.0,4.477381525000143e-05
0.0,4.476561699996537e-05
0.0,4.474857025004587e-05
0.0,4.473022525007051e-05
0.0,4.4727180499951866e-05
0.0,4.472271925006133e-05
0.0,4.472139400005374e-05
0.0,4.471929725000585e-05
0.0,4.47155802500141e-05
0.0,4.471217524999018e-05
0.0,4.4705661249935124e-05
0.0,4.4702850250157695e-05
0.0,4.468536050001326e-05
0.0,4.468193999993221e-05
0.0,4.467744999998491e-05
0.0,4.4669884999937526e-05
0.0,4.4669304500015685e-05
0.0,4.465825325014991e-05
0.0,4.465465250008433e-05
0.0,4.4654152249957714e-05
0.0,4.464960925000079e-05
0.0,4.464790325002178e-05
0.0,4.464234625004985e-05
0.0,4.463925850000228e-05
0.0,4.463427049997246e-05
0.0,4.463382500001968e-05
0.0,4.461541624969982e-05
0.0,4.461384650001934e-05
0.0,4.460127025000799e-05
0.0,4.459304124994904e-05
0.0,4.458821725003262e-05
0.0,4.456157800000347e-05
0.0,4.4558100000002124e-05
0.0,4.4555631249967075e-05
0.0,4.455229025000066e-05
0.0,4.4535990250004974e-05
0.0,4.453079649987422e-05
0.0,4.4530083250152454e-05
0.0,4.4516333000081894e-05
0.0,4.451444500007471e-05
0.0,4.451104999989063e-05
0.0,4.4509242500011544e-05
0.0,4.450355649998199e-05
0.0,4.450224424997546e-05
0.0,4.447622800000225e-05
0.0,4.446625000004347e-05
0.0,4.445987725000852e-05
0.0,4.442155250004554e-05
0.0,4.442124999998545e-05
0.0,4.442106624992368e-05
0.0,4.44173245000522e-05
0.0,4.4412744999983194e-05
0.0,4.4402568249976465e-05
0.0,4.4373625000000406e-05
0.0,4.436320824998037e-05
0.0,4.434662500002668e-05
0.0,4.4342514499865675e-05
0.0,4.433605025005897e-05
0.0,4.432340224998049e-05
0.0,4.430992249997707e-05
0.0,4.430614599996665e-05
0.0,4.430395625006791e-05
0.0,4.430223725001547e-05
0.0,4.430120000000203e-05
0.0,4.4297108500002426e-05
0.0,4.428886500000369e-05
0.0,4.427439249997007e-05
0.0,4.42639730000286e-05
0.0,4.425765124994355e-05
0.0,4.422946225004923e-05
0.0,4.4228050000014326e-05
0.0,4.422182624998481e-05
0.0,4.4207392500006216e-05
0.0,4.420522325000403e-05
0.0,4.420232999998076e-05
0.0,4.4194131250071234e-05
0.0,4.41843400000246e-05
0.0,4.4180399249966116e-05
0.0,4.41577939999665e-05
0.0,4.4153021249981066e-05
0.0,4.415129999996556e-05
0.0,4.4129201000059516e-05
0.0,4.410144799999331e-05
0.0,4.4074452999835816e-05
0.0,4.4071782249953715e-05
0.0,4.407168125000046e-05
0.0,4.405040099999708e-05
0.0,4.402163599996873e-05
0.0,4.4017649999903615e-05
0.0,4.401602500003473e-05
0.0,4.401416125003245e-05
0.0,4.400629250000956e-05
0.0,4.398930625003694e-05
0.0,4.398597425004383e-05
0.0,4.3984125000017394e-05
0.0,4.3970215999952354e-05
0.0,4.395019600002602e-05
0.0,4.394064200002214e-05
0.0,4.3927544249999805e-05
0.0,4.390488499997165e-05
0.0,4.388562424984308e-05
0.0,4.388237299989098e-05
0.0,4.387261000003527e-05
0.0,4.387066624997942e-05
0.0,4.386845825000042e-05
0.0,4.3854804999938105e-05
0.0,4.384798325001869e-05
0.0,4.3846278250014934e-05
0.0,4.3813250000059265e-05
0.0,4.381150600002534e-05
0.0,4.3796820250013425e-05
0.0,4.379311250003921e-05
0.0,4.3777304499996626e-05
0.0,4.377237625002155e-05
0.0,4.3765850249970906e-05
0.0,4.37650422501326e-05
0.0,4.376494899985933e-05
0.0,4.376112625001912e-05
0.0,4.373758925001008e-05
0.0,4.372638124999245e-05
0.0,4.3707542500046195e-05
0.0,4.3700372499937564e-05
0.0,4.369581449998499e-05
0.0,4.369212500000163e-05
0.0,4.3671476000050955e-05
0.0,4.3669440999991385e-05
0.0,4.365744200011619e-05
0.0,4.3654890499848745e-05
0.0,4.3642243249965255e-05
0.0,4.363582499995136e-05
0.0,4.361999525001304e-05
0.0,4.360623124999524e-05
0.0,4.357322499986909e-05
0.0,4.3564454500064014e-05
0.0,4.3560456250001385e-05
0.0,4.355824250000876e-05
0.0,4.3548406249989436e-05
0.0,4.354808124984584e-05
0.0,4.348362500011597e-05
0.0,4.3478169999985436e-05
0.0,4.3466600500002866e-05
0.0,4.3448574500079976e-05
0.0,4.341382850002344e-05
0.0,4.340743699996801e-05
0.0,4.340556025006346e-05
0.0,4.3404009999989545e-05
0.0,4.338557449998912e-05
0.0,4.338320500001737e-05
0.0,4.338279724998867e-05
0.0,4.3373593250034024e-05
0.0,4.336086324998653e-05
0.0,4.336084124999503e-05
0.0,4.335570425003209e-05
0.0,4.3307017000005425e-05
0.0,4.3306249999994524e-05
0.0,4.328346100003444e-05
0.0,4.32545605001685e-05
0.0,4.3245616249949484e-05
0.0,4.324507200012736e-05
0.0,4.322316624993469e-05
0.0,4.321749200000689e-05
0.0,4.32122062499864e-05
0.0,4.320745300001877e-05
0.0,4.319210900003911e-05
0.0,4.318494624997281e-05
0.0,4.317462499993629e-05
0.0,4.317438249988756e-05
0.0,4.315569700006196e-05
0.0,4.3146518500023065e-05
0.0,4.313623024990477e-05
0.0,4.312689524998812e-05
0.0,4.311813125002562e-05
0.0,4.310532500002872e-05
0.0,4.309874000001567e-05
0.0,4.3088649250005054e-05
0.0,4.308811325007785e-05
0.0,4.308552199993995e-05
0.0,4.308293424997585e-05
0.0,4.307651300001896e-05
0.0,4.307648824998247e-05
0.0,4.3059531249959085e-05
0.0,4.305604525001977e-05
0.0,4.304866049991325e-05
0.0,4.303898125000396e-05
0.0,4.301471125003547e-05
0.0,4.300395625011347e-05
0.0,4.3001356250016565e-05
0.0,4.299424999978988e-05
0.0,4.298710824984115e-05
0.0,4.298401125013565e-05
0.0,4.296683024989244e-05
0.0,4.295976999998846e-05
0.0,4.29568044998692e-05
0.0,4.2951207250142235e-05
0.0,4.2950716249961306e-05
0.0,4.2945427999995155e-05
0.0,4.2932297249990554e-05
0.0,4.290811025004923e-05
0.0,4.290459399999225e-05
0.0,4.2895656250007544e-05
0.0,4.288620425002891e-05
0.0,4.28816900000223e-05
0.0,4.2858126250002384e-05
0.0,4.2851826000120814e-05
0.0,4.2832120999996046e-05
0.0,4.282291324987628e-05
0.0,4.281051700001004e-05
0.0,4.280707325001033e-05
0.0,4.2801999999986516e-05
0.0,4.279202600015684e-05
0.0,4.278081024992868e-05
0.0,4.277511225001933e-05
0.0,4.276784825000291e-05
0.0,4.276054900002031e-05
0.0,4.275231850005931e-05
0.0,4.274774124999964e-05
0.0,4.2744249999992844e-05
0.0,4.272912424991983e-05
0.0,4.2703980500010354e-05
0.0,4.270119250011042e-05
0.0,4.269179125000924e-05
0.0,4.2684196250001086e-05
0.0,4.2681129250031386e-05
0.0,4.267795999984528e-05
0.0,4.2617443250007846e-05
0.0,4.260261625001397e-05
0.0,4.259532500002399e-05
0.0,4.2577225000045114e-05
0.0,4.257700249997088e-05
0.0,4.257000024996842e-05
0.0,4.256716925003244e-05
0.0,4.255591299989162e-05
0.0,4.253331724997164e-05
0.0,4.253058325004513e-05
0.0,4.252206500002968e-05
0.0,4.250963299997711e-05
0.0,4.250804899997408e-05
0.0,4.250629124996473e-05
0.0,4.249411700003858e-05
0.0,4.24901562499584e-05
0.0,4.248604999994338e-05
0.0,4.248524824998227e-05
0.0,4.2477864999991604e-05
0.0,4.246985000015459e-05
0.0,4.245676625016252e-05
0.0,4.24566124999912e-05
0.0,4.2455716249984066e-05
0.0,4.2446083250132245e-05
0.0,4.241762500004953e-05
0.0,4.24086500001156e-05
0.0,4.240092825002592e-05
0.0,4.239720125015319e-05
0.0,4.2394423250002206e-05
0.0,4.2392556999997324e-05
0.0,4.2389001249963054e-05
0.0,4.237739600000379e-05
0.0,4.237433649998214e-05
0.0,4.235264999996938e-05
0.0,4.2352201249992254e-05
0.0,4.2350976999929214e-05
0.0,4.233468649998305e-05
0.0,4.233416625003114e-05
0.0,4.232992250000831e-05
0.0,4.2320708999978195e-05
0.0,4.2313440499829876e-05
0.0,4.228982499999874e-05
0.0,4.2286686249999285e-05
0.0,4.226180624999019e-05
0.0,4.226160625001497e-05
0.0,4.2260524999991504e-05
0.0,4.2253604999898504e-05
0.0,4.224628025002405e-05
0.0,4.222055449990022e-05
0.0,4.221512125005632e-05
0.0,4.220728900001471e-05
0.0,4.219322825000164e-05
0.0,4.2188062250013246e-05
0.0,4.2185038250149715e-05
0.0,4.2184450250003366e-05
0.0,4.217073249999821e-05
0.0,4.215633850000317e-05
0.0,4.215524125001583e-05
0.0,4.213797649998162e-05
0.0,4.213478799997174e-05
0.0,4.210734600002565e-05
0.0,4.2104518250007784e-05
0.0,4.210116499998008e-05
0.0,4.2101049999998623e-05
0.0,4.2098538500154484e-05
0.0,4.209788924997443e-05
0.0,4.209371299999995e-05
0.0,4.208997850002468e-05
0.0,4.208453525019695e-05
0.0,4.207585300000222e-05
0.0,4.207464900003395e-05
0.0,4.205182324996036e-05
0.0,4.2049500250063206e-05
0.0,4.203879725012343e-05
0.0,4.201805699989616e-05
0.0,4.1995536500015326e-05
0.0,4.19756982499985e-05
0.0,4.1975012499991226e-05
0.0,4.197317000002366e-05
0.0,4.196774125001555e-05
0.0,4.196772500011563e-05
0.0,4.196411125000287e-05
0.0,4.194837249985829e-05
0.0,4.19349850000817e-05
0.0,4.190415124999637e-05
0.0,4.1902708249985494e-05
0.0,4.189325650003734e-05
0.0,4.18866169999532e-05
0.0,4.1884156250002155e-05
0.0,4.186160225003396e-05
0.0,4.182281800000877e-05
0.0,4.182271249996592e-05
0.0,4.181691025000694e-05
0.0,4.180599700001248e-05
0.0,4.1793734249991656e-05
0.0,4.1772332500015543e-05
0.0,4.176603124999844e-05
0.0,4.17649112499526e-05
0.0,4.176099849997771e-05
0.0,4.17372019999797e-05
0.0,4.1729832500042135e-05
0.0,4.171717249998669e-05
0.0,4.169913324994867e-05
0.0,4.1688942500057794e-05
0.0,4.1683225000129395e-05
0.0,4.1670350500073666e-05
0.0,4.166656824996952e-05
0.0,4.166382250017436e-05
0.0,4.1650862499990614e-05
0.0,4.164979449989005e-05
0.0,4.1636252250108014e-05
0.0,4.163317450001001e-05
0.0,4.1631108500001865e-05
0.0,4.1613322500075726e-05
0.0,4.1603382249998474e-05
0.0,4.158888499998211e-05
0.0,4.155799300004591e-05
0.0,4.155591050000298e-05
0.0,4.154405000000363e-05
0.0,4.153978600007229e-05
0.0,4.152249724997319e-05
0.0,4.152125249999503e-05
0.0,4.149576849998897e-05
0.0,4.149527450003036e-05
0.0,4.148034324995251e-05
0.0,4.147935025003879e-05
0.0,4.146409124999622e-05
0.0,4.1464024999950564e-05
0.0,4.144334799996497e-05
0.0,4.142394124984352e-05
0.0,4.142132500003764e-05
0.0,4.140837725003121e-05
0.0,4.138669225001624e-05
0.0,4.137788525000784e-05
0.0,4.137034100001278e-05
0.0,4.135520800008752e-05
0.0,4.131887224998795e-05
0.0,4.129701624996904e-05
0.0,4.12938725000145e-05
0.0,4.1281177250001575e-05
0.0,4.126590249999933e-05
0.0,4.125904250003681e-05
0.0,4.124962850004549e-05
0.0,4.12488782500406e-05
0.0,4.1243725000019923e-05
0.0,4.1241700000042055e-05
0.0,4.123503049996617e-05
0.0,4.123256449998197e-05
0.0,4.122290250003658e-05
0.0,4.1206434249978436e-05
0.0,4.120480400003259e-05
0.0,4.1193072499894404e-05
0.0,4.119003400000862e-05
0.0,4.1171299999984215e-05
0.0,4.116534500001964e-05
0.0,4.11568199998549e-05
0.0,4.1145349250002616e-05
0.0,4.113467300018069e-05
0.0,4.1093598250113735e-05
0.0,4.108970024985722e-05
0.0,4.107839825000156e-05
0.0,4.106960124998908e-05
0.0,4.1062637250244524e-05
0.0,4.1056068999992495e-05
0.0,4.10548480000242e-05
0.0,4.105030100011786e-05
0.0,4.104353124994519e-05
0.0,4.103721700000961e-05
0.0,4.10362325000509e-05
0.0,4.1030179249996606e-05
0.0,4.100463700004636e-05
0.0,4.100345324993623e-05
0.0,4.1000400999998425e-05
0.0,4.09966152500049e-05
0.0,4.096393024999684e-05
0.0,4.094764925011054e-05
0.0,4.093183024999246e-05
0.0,4.092779050001411e-05
0.0,4.091990125000777e-05
0.0,4.091602224982541e-05
0.0,4.0909729250029366e-05
0.0,4.0909554249972074e-05
0.0,4.0908379249966164e-05
0.0,4.090532500002867e-05
0.0,4.090515125005746e-05
0.0,4.0903250000015885e-05
0.0,4.090258924999695e-05
0.0,4.087752125000972e-05
0.0,4.087568125009889e-05
0.0,4.0868000000027216e-05
0.0,4.0865096000033887e-05
0.0,4.085467600014662e-05
0.0,4.0853071999884004e-05
0.0,4.0846499999994744e-05
0.0,4.0844168000032225e-05
0.0,4.0829690249998216e-05
0.0,4.079554000003046e-05
0.0,4.079187450001834e-05
0.0,4.0765262500035116e-05
0.0,4.075697525008691e-05
0.0,4.075279224993325e-05
0.0,4.07444822499822e-05
0.0,4.0732705000003636e-05
0.0,4.0714384999918776e-05
0.0,4.071426050002129e-05
0.0,4.0710800000000186e-05
0.0,4.071027250000282e-05
0.0,4.0695062500034e-05
0.0,4.0693386499990864e-05
0.0,4.069076500015613e-05
0.0,4.06882012500121e-05
0.0,4.0678433000032875e-05
0.0,4.067790724997692e-05
0.0,4.0676545999989946e-05
0.0,4.065587324996031e-05
0.0,4.064782850002484e-05
0.0,4.064704099999239e-05
0.0,4.0626136999972375e-05
0.0,4.062130025002911e-05
0.0,4.061513799994501e-05
0.0,4.061155624999102e-05
0.0,4.060963849999449e-05
0.0,4.060382599998548e-05
0.0,4.058112499997428e-05
0.0,4.057918624997992e-05
0.0,4.056562849995987e-05
0.0,4.05598499999963e-05
0.0,4.053848500004833e-05
0.0,4.051970099999913e-05
0.0,4.051692624999099e-05
0.0,4.050638825001059e-05
0.0,4.048357825015358e-05
0.0,4.047518249998794e-05
0.0,4.0469289250014696e-05
